File:,"C:\data\20201112 cirris\Logger_xsensor_pneu_1cm_v2_03.XSN"
Frame,Date,Time,Units,Threshold,Sensor,Rows,Columns,Average Pressure,Peak Pressure,Contact Area (cm²),Est. Load (N),Std Dev.,COP Row,COP Column,Frame Notes
1,"2020 Nov 12","15:38:36",mmHg,"5,0","LX100:36.36.02 S0465",36,36,"63,59","248,18","1741,94","1476,75","33,49","13,44","18,99",""
2,"2020 Nov 12","15:38:36",mmHg,"5,0","LX100:36.36.02 S0465",36,36,"63,42","247,73","1740,32","1471,51","33,47","13,42","18,99",""
3,"2020 Nov 12","15:38:36",mmHg,"5,0","LX100:36.36.02 S0465",36,36,"63,33","247,54","1740,32","1469,47","33,47","13,41","18,99",""
4,"2020 Nov 12","15:38:36",mmHg,"5,0","LX100:36.36.02 S0465",36,36,"63,25","247,46","1740,32","1467,62","33,47","13,41","19,00",""
5,"2020 Nov 12","15:38:36",mmHg,"5,0","LX100:36.36.02 S0465",36,36,"63,27","247,56","1738,71","1466,54","33,41","13,41","19,00",""
6,"2020 Nov 12","15:38:36",mmHg,"5,0","LX100:36.36.02 S0465",36,36,"63,32","247,56","1740,32","1469,19","33,45","13,41","19,01",""
7,"2020 Nov 12","15:38:36",mmHg,"5,0","LX100:36.36.02 S0465",36,36,"63,36","247,34","1741,94","1471,47","33,5","13,42","19,00",""
8,"2020 Nov 12","15:38:36",mmHg,"5,0","LX100:36.36.02 S0465",36,36,"63,39","247,31","1741,94","1472,11","33,52","13,42","19,00",""
9,"2020 Nov 12","15:38:36",mmHg,"5,0","LX100:36.36.02 S0465",36,36,"63,4","247,81","1741,94","1472,32","33,52","13,42","18,99",""
10,"2020 Nov 12","15:38:36",mmHg,"5,0","LX100:36.36.02 S0465",36,36,"63,39","247,26","1741,94","1472,2","33,51","13,42","18,99",""
11,"2020 Nov 12","15:38:36",mmHg,"5,0","LX100:36.36.02 S0465",36,36,"63,35","247,46","1740,32","1469,87","33,46","13,42","18,99",""
12,"2020 Nov 12","15:38:36",mmHg,"5,0","LX100:36.36.02 S0465",36,36,"63,2","246,67","1741,94","1467,79","33,44","13,42","18,99",""
13,"2020 Nov 12","15:38:36",mmHg,"5,0","LX100:36.36.02 S0465",36,36,"63,23","246,98","1740,32","1467,08","33,42","13,41","18,99",""
14,"2020 Nov 12","15:38:36",mmHg,"5,0","LX100:36.36.02 S0465",36,36,"63,29","246,05","1740,32","1468,4","33,44","13,41","19,00",""
15,"2020 Nov 12","15:38:36",mmHg,"5,0","LX100:36.36.02 S0465",36,36,"63,26","246,47","1740,32","1467,82","33,44","13,41","19,00",""
16,"2020 Nov 12","15:38:36",mmHg,"5,0","LX100:36.36.02 S0465",36,36,"63,27","246,36","1741,94","1469,32","33,48","13,41","19,00",""
17,"2020 Nov 12","15:38:36",mmHg,"5,0","LX100:36.36.02 S0465",36,36,"63,31","246,57","1741,94","1470,28","33,51","13,42","19,00",""
18,"2020 Nov 12","15:38:36",mmHg,"5,0","LX100:36.36.02 S0465",36,36,"63,31","246,09","1741,94","1470,3","33,5","13,42","19,00",""
19,"2020 Nov 12","15:38:36",mmHg,"5,0","LX100:36.36.02 S0465",36,36,"63,38","246,58","1740,32","1470,48","33,47","13,42","19,00",""
20,"2020 Nov 12","15:38:36",mmHg,"5,0","LX100:36.36.02 S0465",36,36,"63,42","246,61","1740,32","1471,53","33,49","13,42","19,00",""
21,"2020 Nov 12","15:38:36",mmHg,"5,0","LX100:36.36.02 S0465",36,36,"63,27","245,23","1740,32","1467,98","33,42","13,41","19,00",""
22,"2020 Nov 12","15:38:36",mmHg,"5,0","LX100:36.36.02 S0465",36,36,"63,28","245,74","1740,32","1468,28","33,44","13,41","19,00",""
23,"2020 Nov 12","15:38:36",mmHg,"5,0","LX100:36.36.02 S0465",36,36,"63,37","245,54","1738,71","1468,97","33,43","13,41","19,00",""
24,"2020 Nov 12","15:38:36",mmHg,"5,0","LX100:36.36.02 S0465",36,36,"63,26","245,25","1740,32","1467,77","33,43","13,41","19,00",""
25,"2020 Nov 12","15:38:36",mmHg,"5,0","LX100:36.36.02 S0465",36,36,"63,28","244,89","1740,32","1468,19","33,44","13,41","19,00",""
26,"2020 Nov 12","15:38:36",mmHg,"5,0","LX100:36.36.02 S0465",36,36,"63,27","245,2","1740,32","1468,12","33,43","13,41","19,00",""
27,"2020 Nov 12","15:38:36",mmHg,"5,0","LX100:36.36.02 S0465",36,36,"63,31","244,83","1740,32","1468,88","33,45","13,41","19,00",""
28,"2020 Nov 12","15:38:36",mmHg,"5,0","LX100:36.36.02 S0465",36,36,"63,31","245,29","1741,94","1470,36","33,51","13,41","19,00",""
29,"2020 Nov 12","15:38:36",mmHg,"5,0","LX100:36.36.02 S0465",36,36,"63,33","244,77","1738,71","1468,1","33,4","13,41","19,00",""
30,"2020 Nov 12","15:38:36",mmHg,"5,0","LX100:36.36.02 S0465",36,36,"63,25","244,97","1740,32","1467,52","33,42","13,41","19,00",""
31,"2020 Nov 12","15:38:36",mmHg,"5,0","LX100:36.36.02 S0465",36,36,"63,24","245,05","1740,32","1467,25","33,41","13,41","19,00",""
32,"2020 Nov 12","15:38:36",mmHg,"5,0","LX100:36.36.02 S0465",36,36,"63,25","244,89","1740,32","1467,61","33,43","13,41","19,00",""
33,"2020 Nov 12","15:38:36",mmHg,"5,0","LX100:36.36.02 S0465",36,36,"63,22","244,25","1741,94","1468,22","33,46","13,41","18,99",""
34,"2020 Nov 12","15:38:36",mmHg,"5,0","LX100:36.36.02 S0465",36,36,"63,26","244,8","1740,32","1467,72","33,43","13,41","19,01",""
35,"2020 Nov 12","15:38:36",mmHg,"5,0","LX100:36.36.02 S0465",36,36,"63,24","244,74","1741,94","1468,65","33,47","13,41","19,00",""
36,"2020 Nov 12","15:38:36",mmHg,"5,0","LX100:36.36.02 S0465",36,36,"63,22","244,31","1741,94","1468,17","33,45","13,41","19,00",""
37,"2020 Nov 12","15:38:36",mmHg,"5,0","LX100:36.36.02 S0465",36,36,"63,29","244,25","1740,32","1468,45","33,44","13,41","19,01",""
38,"2020 Nov 12","15:38:36",mmHg,"5,0","LX100:36.36.02 S0465",36,36,"63,27","244,27","1741,94","1469,27","33,48","13,41","19,00",""
39,"2020 Nov 12","15:38:36",mmHg,"5,0","LX100:36.36.02 S0465",36,36,"63,34","245,16","1740,32","1469,65","33,46","13,41","19,00",""
40,"2020 Nov 12","15:38:36",mmHg,"5,0","LX100:36.36.02 S0465",36,36,"63,28","245,1","1741,94","1469,58","33,49","13,41","19,00",""
41,"2020 Nov 12","15:38:36",mmHg,"5,0","LX100:36.36.02 S0465",36,36,"63,29","245,04","1741,94","1469,83","33,48","13,41","19,00",""
42,"2020 Nov 12","15:38:36",mmHg,"5,0","LX100:36.36.02 S0465",36,36,"63,32","244,85","1741,94","1470,57","33,5","13,41","19,00",""
43,"2020 Nov 12","15:38:36",mmHg,"5,0","LX100:36.36.02 S0465",36,36,"63,27","244,76","1741,94","1469,37","33,47","13,41","19,00",""
44,"2020 Nov 12","15:38:36",mmHg,"5,0","LX100:36.36.02 S0465",36,36,"63,28","244,5","1741,94","1469,7","33,48","13,41","19,00",""
45,"2020 Nov 12","15:38:36",mmHg,"5,0","LX100:36.36.02 S0465",36,36,"63,26","244,21","1741,94","1469,16","33,47","13,41","19,00",""
46,"2020 Nov 12","15:38:36",mmHg,"5,0","LX100:36.36.02 S0465",36,36,"63,22","244,04","1741,94","1468,29","33,45","13,41","19,00",""
47,"2020 Nov 12","15:38:37",mmHg,"5,0","LX100:36.36.02 S0465",36,36,"63,32","245,2","1740,32","1469,27","33,45","13,41","19,00",""
48,"2020 Nov 12","15:38:37",mmHg,"5,0","LX100:36.36.02 S0465",36,36,"63,21","244,68","1741,94","1468,06","33,45","13,41","19,00",""
49,"2020 Nov 12","15:38:37",mmHg,"5,0","LX100:36.36.02 S0465",36,36,"63,19","243,75","1740,32","1466,23","33,38","13,41","19,00",""
50,"2020 Nov 12","15:38:37",mmHg,"5,0","LX100:36.36.02 S0465",36,36,"63,27","244,22","1740,32","1468,11","33,43","13,41","19,00",""
51,"2020 Nov 12","15:38:37",mmHg,"5,0","LX100:36.36.02 S0465",36,36,"63,2","245,03","1741,94","1467,85","33,45","13,41","19,00",""
52,"2020 Nov 12","15:38:37",mmHg,"5,0","LX100:36.36.02 S0465",36,36,"63,24","244,2","1740,32","1467,25","33,4","13,41","19,00",""
53,"2020 Nov 12","15:38:37",mmHg,"5,0","LX100:36.36.02 S0465",36,36,"63,24","244,94","1740,32","1467,35","33,41","13,41","19,00",""
54,"2020 Nov 12","15:38:37",mmHg,"5,0","LX100:36.36.02 S0465",36,36,"63,24","244,84","1740,32","1467,38","33,41","13,41","19,00",""
55,"2020 Nov 12","15:38:37",mmHg,"5,0","LX100:36.36.02 S0465",36,36,"63,26","244,24","1740,32","1467,85","33,41","13,41","19,00",""
56,"2020 Nov 12","15:38:37",mmHg,"5,0","LX100:36.36.02 S0465",36,36,"63,29","244,2","1740,32","1468,4","33,41","13,41","19,00",""
57,"2020 Nov 12","15:38:37",mmHg,"5,0","LX100:36.36.02 S0465",36,36,"63,19","244,02","1741,94","1467,42","33,42","13,41","19,00",""
58,"2020 Nov 12","15:38:37",mmHg,"5,0","LX100:36.36.02 S0465",36,36,"63,36","245,0","1738,71","1468,8","33,42","13,41","19,01",""
59,"2020 Nov 12","15:38:37",mmHg,"5,0","LX100:36.36.02 S0465",36,36,"63,29","244,8","1740,32","1468,58","33,43","13,41","19,00",""
60,"2020 Nov 12","15:38:37",mmHg,"5,0","LX100:36.36.02 S0465",36,36,"63,32","244,86","1738,71","1467,83","33,38","13,41","19,00",""
61,"2020 Nov 12","15:38:37",mmHg,"5,0","LX100:36.36.02 S0465",36,36,"63,28","245,0","1740,32","1468,22","33,42","13,41","19,01",""
62,"2020 Nov 12","15:38:37",mmHg,"5,0","LX100:36.36.02 S0465",36,36,"63,39","245,0","1738,71","1469,49","33,42","13,41","19,00",""
63,"2020 Nov 12","15:38:37",mmHg,"5,0","LX100:36.36.02 S0465",36,36,"63,33","245,29","1740,32","1469,44","33,46","13,41","19,00",""
64,"2020 Nov 12","15:38:37",mmHg,"5,0","LX100:36.36.02 S0465",36,36,"63,24","245,03","1740,32","1467,29","33,41","13,41","19,00",""
65,"2020 Nov 12","15:38:37",mmHg,"5,0","LX100:36.36.02 S0465",36,36,"63,21","243,89","1741,94","1468,09","33,43","13,41","19,00",""
66,"2020 Nov 12","15:38:37",mmHg,"5,0","LX100:36.36.02 S0465",36,36,"63,29","245,26","1740,32","1468,52","33,43","13,41","19,00",""
67,"2020 Nov 12","15:38:37",mmHg,"5,0","LX100:36.36.02 S0465",36,36,"63,24","244,86","1741,94","1468,67","33,46","13,41","19,00",""
68,"2020 Nov 12","15:38:37",mmHg,"5,0","LX100:36.36.02 S0465",36,36,"63,18","244,05","1741,94","1467,26","33,42","13,41","19,00",""
69,"2020 Nov 12","15:38:37",mmHg,"5,0","LX100:36.36.02 S0465",36,36,"63,24","245,01","1740,32","1467,26","33,38","13,41","19,00",""
70,"2020 Nov 12","15:38:37",mmHg,"5,0","LX100:36.36.02 S0465",36,36,"63,25","244,09","1740,32","1467,56","33,39","13,41","19,00",""
71,"2020 Nov 12","15:38:37",mmHg,"5,0","LX100:36.36.02 S0465",36,36,"63,15","243,96","1741,94","1466,54","33,4","13,41","19,00",""
72,"2020 Nov 12","15:38:37",mmHg,"5,0","LX100:36.36.02 S0465",36,36,"63,25","244,3","1740,32","1467,56","33,4","13,41","19,00",""
73,"2020 Nov 12","15:38:37",mmHg,"5,0","LX100:36.36.02 S0465",36,36,"63,24","245,13","1740,32","1467,2","33,4","13,41","19,00",""
74,"2020 Nov 12","15:38:37",mmHg,"5,0","LX100:36.36.02 S0465",36,36,"63,25","244,48","1740,32","1467,64","33,4","13,41","19,00",""
75,"2020 Nov 12","15:38:37",mmHg,"5,0","LX100:36.36.02 S0465",36,36,"63,27","245,06","1740,32","1467,9","33,41","13,41","19,00",""
76,"2020 Nov 12","15:38:37",mmHg,"5,0","LX100:36.36.02 S0465",36,36,"63,27","244,43","1740,32","1467,96","33,4","13,41","19,00",""
77,"2020 Nov 12","15:38:37",mmHg,"5,0","LX100:36.36.02 S0465",36,36,"63,25","245,13","1740,32","1467,57","33,4","13,41","19,01",""
78,"2020 Nov 12","15:38:37",mmHg,"5,0","LX100:36.36.02 S0465",36,36,"63,27","244,58","1740,32","1468,05","33,4","13,41","19,00",""
79,"2020 Nov 12","15:38:37",mmHg,"5,0","LX100:36.36.02 S0465",36,36,"63,27","245,09","1740,32","1468,06","33,41","13,41","19,00",""
80,"2020 Nov 12","15:38:37",mmHg,"5,0","LX100:36.36.02 S0465",36,36,"63,29","244,51","1740,32","1468,58","33,41","13,41","19,00",""
81,"2020 Nov 12","15:38:37",mmHg,"5,0","LX100:36.36.02 S0465",36,36,"63,31","245,2","1740,32","1468,84","33,42","13,41","19,00",""
82,"2020 Nov 12","15:38:37",mmHg,"5,0","LX100:36.36.02 S0465",36,36,"63,3","244,73","1741,94","1470,06","33,45","13,41","19,00",""
83,"2020 Nov 12","15:38:37",mmHg,"5,0","LX100:36.36.02 S0465",36,36,"63,26","244,79","1741,94","1469,18","33,44","13,41","19,00",""
84,"2020 Nov 12","15:38:37",mmHg,"5,0","LX100:36.36.02 S0465",36,36,"63,29","244,45","1741,94","1469,79","33,45","13,41","19,01",""
85,"2020 Nov 12","15:38:37",mmHg,"5,0","LX100:36.36.02 S0465",36,36,"63,28","244,92","1741,94","1469,51","33,45","13,41","19,00",""
86,"2020 Nov 12","15:38:37",mmHg,"5,0","LX100:36.36.02 S0465",36,36,"63,3","244,59","1740,32","1468,72","33,41","13,41","19,00",""
87,"2020 Nov 12","15:38:37",mmHg,"5,0","LX100:36.36.02 S0465",36,36,"63,28","245,44","1740,32","1468,23","33,42","13,41","19,00",""
88,"2020 Nov 12","15:38:37",mmHg,"5,0","LX100:36.36.02 S0465",36,36,"63,25","245,06","1740,32","1467,48","33,4","13,41","19,00",""
89,"2020 Nov 12","15:38:37",mmHg,"5,0","LX100:36.36.02 S0465",36,36,"63,28","245,09","1738,71","1466,87","33,36","13,41","19,00",""
90,"2020 Nov 12","15:38:37",mmHg,"5,0","LX100:36.36.02 S0465",36,36,"63,27","245,48","1740,32","1468,1","33,41","13,41","19,00",""
91,"2020 Nov 12","15:38:37",mmHg,"5,0","LX100:36.36.02 S0465",36,36,"63,3","245,72","1740,32","1468,69","33,43","13,41","19,00",""
92,"2020 Nov 12","15:38:37",mmHg,"5,0","LX100:36.36.02 S0465",36,36,"63,22","245,02","1740,32","1466,77","33,39","13,41","19,00",""
93,"2020 Nov 12","15:38:37",mmHg,"5,0","LX100:36.36.02 S0465",36,36,"63,22","245,68","1740,32","1466,93","33,39","13,41","19,00",""
94,"2020 Nov 12","15:38:37",mmHg,"5,0","LX100:36.36.02 S0465",36,36,"63,2","245,41","1741,94","1467,66","33,44","13,41","19,00",""
95,"2020 Nov 12","15:38:37",mmHg,"5,0","LX100:36.36.02 S0465",36,36,"63,2","245,45","1740,32","1466,5","33,39","13,41","19,00",""
96,"2020 Nov 12","15:38:37",mmHg,"5,0","LX100:36.36.02 S0465",36,36,"63,19","245,22","1741,94","1467,62","33,43","13,41","19,00",""
97,"2020 Nov 12","15:38:38",mmHg,"5,0","LX100:36.36.02 S0465",36,36,"63,25","245,4","1741,94","1469,02","33,45","13,41","19,00",""
98,"2020 Nov 12","15:38:38",mmHg,"5,0","LX100:36.36.02 S0465",36,36,"63,27","245,86","1741,94","1469,34","33,47","13,41","19,00",""
99,"2020 Nov 12","15:38:38",mmHg,"5,0","LX100:36.36.02 S0465",36,36,"63,2","245,22","1741,94","1467,77","33,43","13,41","19,00",""
100,"2020 Nov 12","15:38:38",mmHg,"5,0","LX100:36.36.02 S0465",36,36,"63,33","245,62","1738,71","1468,01","33,38","13,41","19,00",""
101,"2020 Nov 12","15:38:38",mmHg,"5,0","LX100:36.36.02 S0465",36,36,"63,31","245,91","1738,71","1467,51","33,37","13,41","19,00",""
102,"2020 Nov 12","15:38:38",mmHg,"5,0","LX100:36.36.02 S0465",36,36,"63,25","245,91","1740,32","1467,59","33,4","13,41","19,00",""
103,"2020 Nov 12","15:38:38",mmHg,"5,0","LX100:36.36.02 S0465",36,36,"63,27","245,48","1740,32","1467,98","33,4","13,41","19,00",""
104,"2020 Nov 12","15:38:38",mmHg,"5,0","LX100:36.36.02 S0465",36,36,"63,27","245,1","1740,32","1467,97","33,4","13,41","19,00",""
105,"2020 Nov 12","15:38:38",mmHg,"5,0","LX100:36.36.02 S0465",36,36,"63,32","245,11","1740,32","1469,1","33,42","13,41","19,00",""
106,"2020 Nov 12","15:38:38",mmHg,"5,0","LX100:36.36.02 S0465",36,36,"63,21","245,06","1741,94","1467,93","33,41","13,41","19,00",""
107,"2020 Nov 12","15:38:38",mmHg,"5,0","LX100:36.36.02 S0465",36,36,"63,21","246,04","1740,32","1466,51","33,38","13,41","19,00",""
108,"2020 Nov 12","15:38:38",mmHg,"5,0","LX100:36.36.02 S0465",36,36,"63,15","245,66","1741,94","1466,6","33,4","13,41","19,00",""
109,"2020 Nov 12","15:38:38",mmHg,"5,0","LX100:36.36.02 S0465",36,36,"63,29","246,0","1738,71","1467,14","33,37","13,41","19,01",""
110,"2020 Nov 12","15:38:38",mmHg,"5,0","LX100:36.36.02 S0465",36,36,"63,2","246,29","1741,94","1467,86","33,44","13,41","19,00",""
111,"2020 Nov 12","15:38:38",mmHg,"5,0","LX100:36.36.02 S0465",36,36,"63,24","245,58","1740,32","1467,32","33,39","13,41","19,01",""
112,"2020 Nov 12","15:38:38",mmHg,"5,0","LX100:36.36.02 S0465",36,36,"63,29","246,26","1740,32","1468,52","33,42","13,41","19,00",""
113,"2020 Nov 12","15:38:38",mmHg,"5,0","LX100:36.36.02 S0465",36,36,"63,31","246,11","1738,71","1467,58","33,37","13,41","19,00",""
114,"2020 Nov 12","15:38:38",mmHg,"5,0","LX100:36.36.02 S0465",36,36,"63,26","245,95","1738,71","1466,51","33,35","13,41","19,00",""
115,"2020 Nov 12","15:38:38",mmHg,"5,0","LX100:36.36.02 S0465",36,36,"63,28","245,71","1740,32","1468,17","33,41","13,41","19,00",""
116,"2020 Nov 12","15:38:38",mmHg,"5,0","LX100:36.36.02 S0465",36,36,"63,3","246,24","1740,32","1468,64","33,43","13,41","19,00",""
117,"2020 Nov 12","15:38:38",mmHg,"5,0","LX100:36.36.02 S0465",36,36,"63,27","245,61","1740,32","1468,02","33,4","13,41","19,00",""
118,"2020 Nov 12","15:38:38",mmHg,"5,0","LX100:36.36.02 S0465",36,36,"63,3","246,69","1740,32","1468,81","33,44","13,41","19,01",""
119,"2020 Nov 12","15:38:38",mmHg,"5,0","LX100:36.36.02 S0465",36,36,"63,23","246,17","1741,94","1468,41","33,44","13,41","19,00",""
120,"2020 Nov 12","15:38:38",mmHg,"5,0","LX100:36.36.02 S0465",36,36,"63,3","246,3","1740,32","1468,63","33,43","13,41","19,00",""
121,"2020 Nov 12","15:38:38",mmHg,"5,0","LX100:36.36.02 S0465",36,36,"63,28","246,11","1740,32","1468,29","33,42","13,41","19,00",""
122,"2020 Nov 12","15:38:38",mmHg,"5,0","LX100:36.36.02 S0465",36,36,"63,23","246,1","1741,94","1468,42","33,44","13,41","19,00",""
123,"2020 Nov 12","15:38:38",mmHg,"5,0","LX100:36.36.02 S0465",36,36,"63,28","246,44","1740,32","1468,23","33,41","13,41","19,00",""
124,"2020 Nov 12","15:38:38",mmHg,"5,0","LX100:36.36.02 S0465",36,36,"63,33","246,62","1740,32","1469,41","33,46","13,41","19,00",""
125,"2020 Nov 12","15:38:38",mmHg,"5,0","LX100:36.36.02 S0465",36,36,"63,2","246,58","1740,32","1466,43","33,4","13,41","19,00",""
126,"2020 Nov 12","15:38:38",mmHg,"5,0","LX100:36.36.02 S0465",36,36,"63,22","245,71","1740,32","1466,76","33,39","13,41","19,01",""
127,"2020 Nov 12","15:38:38",mmHg,"5,0","LX100:36.36.02 S0465",36,36,"63,22","246,24","1741,94","1468,14","33,43","13,41","19,00",""
128,"2020 Nov 12","15:38:38",mmHg,"5,0","LX100:36.36.02 S0465",36,36,"63,24","245,83","1740,32","1467,36","33,39","13,41","19,00",""
129,"2020 Nov 12","15:38:38",mmHg,"5,0","LX100:36.36.02 S0465",36,36,"63,29","246,54","1738,71","1467,23","33,38","13,41","19,00",""
130,"2020 Nov 12","15:38:38",mmHg,"5,0","LX100:36.36.02 S0465",36,36,"63,24","246,8","1740,32","1467,34","33,42","13,41","19,00",""
131,"2020 Nov 12","15:38:38",mmHg,"5,0","LX100:36.36.02 S0465",36,36,"63,22","246,33","1740,32","1466,94","33,4","13,41","19,00",""
132,"2020 Nov 12","15:38:38",mmHg,"5,0","LX100:36.36.02 S0465",36,36,"63,25","246,7","1740,32","1467,51","33,42","13,41","19,00",""
133,"2020 Nov 12","15:38:38",mmHg,"5,0","LX100:36.36.02 S0465",36,36,"63,19","246,41","1741,94","1467,49","33,43","13,41","19,00",""
134,"2020 Nov 12","15:38:38",mmHg,"5,0","LX100:36.36.02 S0465",36,36,"63,27","246,78","1738,71","1466,61","33,37","13,41","19,00",""
135,"2020 Nov 12","15:38:38",mmHg,"5,0","LX100:36.36.02 S0465",36,36,"63,25","246,15","1741,94","1468,87","33,46","13,41","19,00",""
136,"2020 Nov 12","15:38:38",mmHg,"5,0","LX100:36.36.02 S0465",36,36,"63,32","246,84","1738,71","1467,73","33,39","13,41","19,00",""
137,"2020 Nov 12","15:38:38",mmHg,"5,0","LX100:36.36.02 S0465",36,36,"63,29","246,87","1738,71","1467,21","33,39","13,41","19,00",""
138,"2020 Nov 12","15:38:38",mmHg,"5,0","LX100:36.36.02 S0465",36,36,"63,22","247,06","1740,32","1466,82","33,41","13,41","19,00",""
139,"2020 Nov 12","15:38:38",mmHg,"5,0","LX100:36.36.02 S0465",36,36,"63,23","247,29","1741,94","1468,53","33,47","13,41","19,00",""
140,"2020 Nov 12","15:38:38",mmHg,"5,0","LX100:36.36.02 S0465",36,36,"63,2","247,19","1741,94","1467,69","33,46","13,41","19,00",""
141,"2020 Nov 12","15:38:38",mmHg,"5,0","LX100:36.36.02 S0465",36,36,"63,14","246,98","1741,94","1466,43","33,43","13,41","19,00",""
142,"2020 Nov 12","15:38:38",mmHg,"5,0","LX100:36.36.02 S0465",36,36,"63,22","246,17","1740,32","1466,96","33,4","13,41","19,00",""
143,"2020 Nov 12","15:38:38",mmHg,"5,0","LX100:36.36.02 S0465",36,36,"63,22","246,34","1740,32","1466,89","33,39","13,41","19,00",""
144,"2020 Nov 12","15:38:38",mmHg,"5,0","LX100:36.36.02 S0465",36,36,"63,26","246,78","1740,32","1467,74","33,42","13,41","19,00",""
145,"2020 Nov 12","15:38:38",mmHg,"5,0","LX100:36.36.02 S0465",36,36,"63,27","247,32","1740,32","1467,94","33,44","13,41","19,00",""
146,"2020 Nov 12","15:38:38",mmHg,"5,0","LX100:36.36.02 S0465",36,36,"63,19","247,03","1740,32","1466,14","33,39","13,41","19,00",""
147,"2020 Nov 12","15:38:39",mmHg,"5,0","LX100:36.36.02 S0465",36,36,"63,22","246,8","1740,32","1466,76","33,4","13,41","19,00",""
148,"2020 Nov 12","15:38:39",mmHg,"5,0","LX100:36.36.02 S0465",36,36,"63,16","247,39","1740,32","1465,52","33,39","13,41","19,00",""
149,"2020 Nov 12","15:38:39",mmHg,"5,0","LX100:36.36.02 S0465",36,36,"63,15","246,99","1740,32","1465,24","33,39","13,41","19,01",""
150,"2020 Nov 12","15:38:39",mmHg,"5,0","LX100:36.36.02 S0465",36,36,"63,16","246,53","1740,32","1465,57","33,38","13,41","19,00",""
151,"2020 Nov 12","15:38:39",mmHg,"5,0","LX100:36.36.02 S0465",36,36,"63,18","246,84","1740,32","1465,88","33,39","13,41","19,00",""
152,"2020 Nov 12","15:38:39",mmHg,"5,0","LX100:36.36.02 S0465",36,36,"63,19","246,78","1740,32","1466,18","33,4","13,41","19,00",""
153,"2020 Nov 12","15:38:39",mmHg,"5,0","LX100:36.36.02 S0465",36,36,"63,2","246,64","1740,32","1466,28","33,39","13,41","19,00",""
154,"2020 Nov 12","15:38:39",mmHg,"5,0","LX100:36.36.02 S0465",36,36,"63,18","247,09","1740,32","1465,96","33,4","13,41","19,01",""
155,"2020 Nov 12","15:38:39",mmHg,"5,0","LX100:36.36.02 S0465",36,36,"63,22","247,51","1740,32","1466,96","33,42","13,41","19,00",""
156,"2020 Nov 12","15:38:39",mmHg,"5,0","LX100:36.36.02 S0465",36,36,"63,19","246,67","1740,32","1466,24","33,38","13,41","19,00",""
157,"2020 Nov 12","15:38:39",mmHg,"5,0","LX100:36.36.02 S0465",36,36,"63,19","247,5","1741,94","1467,49","33,45","13,41","19,00",""
158,"2020 Nov 12","15:38:39",mmHg,"5,0","LX100:36.36.02 S0465",36,36,"63,23","246,99","1740,32","1467,03","33,41","13,41","19,00",""
159,"2020 Nov 12","15:38:39",mmHg,"5,0","LX100:36.36.02 S0465",36,36,"63,18","247,5","1741,94","1467,37","33,46","13,41","19,00",""
160,"2020 Nov 12","15:38:39",mmHg,"5,0","LX100:36.36.02 S0465",36,36,"63,2","247,0","1741,94","1467,73","33,45","13,41","19,00",""
161,"2020 Nov 12","15:38:39",mmHg,"5,0","LX100:36.36.02 S0465",36,36,"63,29","247,22","1738,71","1467,11","33,39","13,41","19,00",""
162,"2020 Nov 12","15:38:39",mmHg,"5,0","LX100:36.36.02 S0465",36,36,"63,26","246,94","1740,32","1467,78","33,43","13,41","19,00",""
163,"2020 Nov 12","15:38:39",mmHg,"5,0","LX100:36.36.02 S0465",36,36,"63,22","247,73","1740,32","1466,86","33,42","13,41","19,00",""
164,"2020 Nov 12","15:38:39",mmHg,"5,0","LX100:36.36.02 S0465",36,36,"63,22","247,24","1740,32","1466,93","33,41","13,41","19,00",""
165,"2020 Nov 12","15:38:39",mmHg,"5,0","LX100:36.36.02 S0465",36,36,"63,21","247,8","1740,32","1466,63","33,42","13,41","19,00",""
166,"2020 Nov 12","15:38:39",mmHg,"5,0","LX100:36.36.02 S0465",36,36,"63,13","247,61","1741,94","1466,16","33,45","13,41","19,00",""
167,"2020 Nov 12","15:38:39",mmHg,"5,0","LX100:36.36.02 S0465",36,36,"63,17","246,97","1740,32","1465,67","33,38","13,41","19,00",""
168,"2020 Nov 12","15:38:39",mmHg,"5,0","LX100:36.36.02 S0465",36,36,"63,24","247,82","1740,32","1467,35","33,44","13,41","19,00",""
169,"2020 Nov 12","15:38:39",mmHg,"5,0","LX100:36.36.02 S0465",36,36,"63,13","247,13","1741,94","1466,2","33,44","13,41","19,00",""
170,"2020 Nov 12","15:38:39",mmHg,"5,0","LX100:36.36.02 S0465",36,36,"63,09","247,0","1741,94","1465,28","33,4","13,41","19,00",""
171,"2020 Nov 12","15:38:39",mmHg,"5,0","LX100:36.36.02 S0465",36,36,"63,17","247,86","1740,32","1465,68","33,41","13,41","19,00",""
172,"2020 Nov 12","15:38:39",mmHg,"5,0","LX100:36.36.02 S0465",36,36,"63,13","247,07","1740,32","1464,68","33,37","13,41","19,00",""
173,"2020 Nov 12","15:38:39",mmHg,"5,0","LX100:36.36.02 S0465",36,36,"63,16","247,89","1740,32","1465,45","33,4","13,41","19,00",""
174,"2020 Nov 12","15:38:39",mmHg,"5,0","LX100:36.36.02 S0465",36,36,"63,24","247,74","1740,32","1467,22","33,43","13,41","19,00",""
175,"2020 Nov 12","15:38:39",mmHg,"5,0","LX100:36.36.02 S0465",36,36,"63,18","247,43","1741,94","1467,26","33,46","13,41","18,99",""
176,"2020 Nov 12","15:38:39",mmHg,"5,0","LX100:36.36.02 S0465",36,36,"63,17","247,41","1740,32","1465,74","33,39","13,41","19,00",""
177,"2020 Nov 12","15:38:39",mmHg,"5,0","LX100:36.36.02 S0465",36,36,"63,17","247,57","1740,32","1465,66","33,39","13,41","19,00",""
178,"2020 Nov 12","15:38:39",mmHg,"5,0","LX100:36.36.02 S0465",36,36,"63,13","247,33","1741,94","1466,07","33,41","13,41","19,00",""
179,"2020 Nov 12","15:38:39",mmHg,"5,0","LX100:36.36.02 S0465",36,36,"63,16","247,4","1740,32","1465,56","33,38","13,41","19,00",""
180,"2020 Nov 12","15:38:39",mmHg,"5,0","LX100:36.36.02 S0465",36,36,"63,18","248,07","1740,32","1465,9","33,41","13,41","19,00",""
181,"2020 Nov 12","15:38:39",mmHg,"5,0","LX100:36.36.02 S0465",36,36,"63,24","248,07","1738,71","1466,03","33,38","13,41","19,00",""
182,"2020 Nov 12","15:38:39",mmHg,"5,0","LX100:36.36.02 S0465",36,36,"63,24","248,18","1740,32","1467,42","33,44","13,41","19,00",""
183,"2020 Nov 12","15:38:39",mmHg,"5,0","LX100:36.36.02 S0465",36,36,"63,2","247,7","1740,32","1466,44","33,41","13,41","19,00",""
184,"2020 Nov 12","15:38:39",mmHg,"5,0","LX100:36.36.02 S0465",36,36,"63,16","247,64","1740,32","1465,57","33,39","13,41","19,00",""
185,"2020 Nov 12","15:38:39",mmHg,"5,0","LX100:36.36.02 S0465",36,36,"63,16","247,89","1740,32","1465,47","33,38","13,41","19,00",""
186,"2020 Nov 12","15:38:39",mmHg,"5,0","LX100:36.36.02 S0465",36,36,"63,19","247,61","1740,32","1466,25","33,4","13,41","19,00",""
187,"2020 Nov 12","15:38:39",mmHg,"5,0","LX100:36.36.02 S0465",36,36,"63,17","247,65","1741,94","1467,14","33,44","13,41","19,00",""
188,"2020 Nov 12","15:38:39",mmHg,"5,0","LX100:36.36.02 S0465",36,36,"63,19","247,43","1740,32","1466,17","33,39","13,41","19,01",""
189,"2020 Nov 12","15:38:39",mmHg,"5,0","LX100:36.36.02 S0465",36,36,"63,17","247,64","1741,94","1467,09","33,44","13,41","19,00",""
190,"2020 Nov 12","15:38:39",mmHg,"5,0","LX100:36.36.02 S0465",36,36,"63,14","247,67","1741,94","1466,41","33,43","13,41","19,00",""
191,"2020 Nov 12","15:38:39",mmHg,"5,0","LX100:36.36.02 S0465",36,36,"63,16","247,97","1740,32","1465,51","33,38","13,41","19,00",""
192,"2020 Nov 12","15:38:39",mmHg,"5,0","LX100:36.36.02 S0465",36,36,"63,23","248,19","1740,32","1467,17","33,42","13,41","19,00",""
193,"2020 Nov 12","15:38:39",mmHg,"5,0","LX100:36.36.02 S0465",36,36,"63,25","247,8","1740,32","1467,44","33,42","13,41","19,00",""
194,"2020 Nov 12","15:38:39",mmHg,"5,0","LX100:36.36.02 S0465",36,36,"63,21","248,6","1740,32","1466,68","33,42","13,41","19,00",""
195,"2020 Nov 12","15:38:39",mmHg,"5,0","LX100:36.36.02 S0465",36,36,"63,26","247,94","1740,32","1467,76","33,43","13,41","19,00",""
196,"2020 Nov 12","15:38:39",mmHg,"5,0","LX100:36.36.02 S0465",36,36,"63,22","248,76","1740,32","1466,76","33,42","13,41","19,00",""
197,"2020 Nov 12","15:38:40",mmHg,"5,0","LX100:36.36.02 S0465",36,36,"63,25","248,62","1740,32","1467,62","33,44","13,41","19,00",""
198,"2020 Nov 12","15:38:40",mmHg,"5,0","LX100:36.36.02 S0465",36,36,"63,29","248,66","1738,71","1467,04","33,39","13,41","19,00",""
199,"2020 Nov 12","15:38:40",mmHg,"5,0","LX100:36.36.02 S0465",36,36,"63,22","248,03","1740,32","1466,78","33,42","13,41","19,00",""
200,"2020 Nov 12","15:38:40",mmHg,"5,0","LX100:36.36.02 S0465",36,36,"63,2","248,22","1740,32","1466,44","33,41","13,41","19,00",""
201,"2020 Nov 12","15:38:40",mmHg,"5,0","LX100:36.36.02 S0465",36,36,"63,23","248,11","1740,32","1467,11","33,43","13,41","19,00",""
202,"2020 Nov 12","15:38:40",mmHg,"5,0","LX100:36.36.02 S0465",36,36,"63,14","248,36","1741,94","1466,35","33,44","13,41","19,00",""
203,"2020 Nov 12","15:38:40",mmHg,"5,0","LX100:36.36.02 S0465",36,36,"63,16","248,91","1740,32","1465,46","33,39","13,41","19,00",""
204,"2020 Nov 12","15:38:40",mmHg,"5,0","LX100:36.36.02 S0465",36,36,"63,2","248,83","1740,32","1466,29","33,42","13,41","19,00",""
205,"2020 Nov 12","15:38:40",mmHg,"5,0","LX100:36.36.02 S0465",36,36,"63,18","248,66","1740,32","1465,83","33,4","13,41","19,00",""
206,"2020 Nov 12","15:38:40",mmHg,"5,0","LX100:36.36.02 S0465",36,36,"63,17","249,02","1740,32","1465,63","33,41","13,41","19,00",""
207,"2020 Nov 12","15:38:40",mmHg,"5,0","LX100:36.36.02 S0465",36,36,"63,2","249,01","1740,32","1466,32","33,41","13,41","19,00",""
208,"2020 Nov 12","15:38:40",mmHg,"5,0","LX100:36.36.02 S0465",36,36,"63,18","248,93","1740,32","1466,03","33,41","13,41","19,00",""
209,"2020 Nov 12","15:38:40",mmHg,"5,0","LX100:36.36.02 S0465",36,36,"63,25","248,64","1738,71","1466,23","33,38","13,41","19,00",""
210,"2020 Nov 12","15:38:40",mmHg,"5,0","LX100:36.36.02 S0465",36,36,"63,21","249,31","1740,32","1466,57","33,42","13,41","19,00",""
211,"2020 Nov 12","15:38:40",mmHg,"5,0","LX100:36.36.02 S0465",36,36,"63,17","249,36","1740,32","1465,7","33,4","13,41","19,00",""
212,"2020 Nov 12","15:38:40",mmHg,"5,0","LX100:36.36.02 S0465",36,36,"63,14","249,35","1741,94","1466,47","33,45","13,41","19,00",""
213,"2020 Nov 12","15:38:40",mmHg,"5,0","LX100:36.36.02 S0465",36,36,"63,23","249,33","1740,32","1467,01","33,42","13,41","19,00",""
214,"2020 Nov 12","15:38:40",mmHg,"5,0","LX100:36.36.02 S0465",36,36,"63,19","248,45","1740,32","1466,24","33,42","13,41","19,00",""
215,"2020 Nov 12","15:38:40",mmHg,"5,0","LX100:36.36.02 S0465",36,36,"63,21","248,45","1740,32","1466,56","33,42","13,41","19,01",""
216,"2020 Nov 12","15:38:40",mmHg,"5,0","LX100:36.36.02 S0465",36,36,"63,29","248,92","1738,71","1467,1","33,42","13,41","19,00",""
217,"2020 Nov 12","15:38:40",mmHg,"5,0","LX100:36.36.02 S0465",36,36,"63,21","249,54","1740,32","1466,61","33,42","13,41","19,00",""
218,"2020 Nov 12","15:38:40",mmHg,"5,0","LX100:36.36.02 S0465",36,36,"63,21","248,96","1738,71","1465,33","33,38","13,41","19,00",""
219,"2020 Nov 12","15:38:40",mmHg,"5,0","LX100:36.36.02 S0465",36,36,"63,19","248,48","1738,71","1464,86","33,37","13,41","19,00",""
220,"2020 Nov 12","15:38:40",mmHg,"5,0","LX100:36.36.02 S0465",36,36,"63,18","249,49","1740,32","1465,96","33,43","13,41","19,00",""
221,"2020 Nov 12","15:38:40",mmHg,"5,0","LX100:36.36.02 S0465",36,36,"63,21","249,58","1740,32","1466,69","33,43","13,41","19,00",""
222,"2020 Nov 12","15:38:40",mmHg,"5,0","LX100:36.36.02 S0465",36,36,"63,16","249,88","1741,94","1466,81","33,46","13,41","18,99",""
223,"2020 Nov 12","15:38:40",mmHg,"5,0","LX100:36.36.02 S0465",36,36,"63,16","249,64","1740,32","1465,54","33,41","13,41","19,00",""
224,"2020 Nov 12","15:38:40",mmHg,"5,0","LX100:36.36.02 S0465",36,36,"63,16","249,35","1741,94","1466,89","33,46","13,41","19,00",""
225,"2020 Nov 12","15:38:40",mmHg,"5,0","LX100:36.36.02 S0465",36,36,"63,14","249,64","1740,32","1465,05","33,4","13,41","18,99",""
226,"2020 Nov 12","15:38:40",mmHg,"5,0","LX100:36.36.02 S0465",36,36,"63,18","249,68","1740,32","1465,89","33,42","13,41","19,00",""
227,"2020 Nov 12","15:38:40",mmHg,"5,0","LX100:36.36.02 S0465",36,36,"63,19","249,51","1740,32","1466,14","33,43","13,41","19,00",""
228,"2020 Nov 12","15:38:40",mmHg,"5,0","LX100:36.36.02 S0465",36,36,"63,2","249,61","1740,32","1466,39","33,43","13,41","19,00",""
229,"2020 Nov 12","15:38:40",mmHg,"5,0","LX100:36.36.02 S0465",36,36,"63,13","249,82","1741,94","1466,12","33,45","13,41","19,00",""
230,"2020 Nov 12","15:38:40",mmHg,"5,0","LX100:36.36.02 S0465",36,36,"63,27","248,98","1738,71","1466,67","33,42","13,41","19,00",""
231,"2020 Nov 12","15:38:40",mmHg,"5,0","LX100:36.36.02 S0465",36,36,"63,25","249,45","1740,32","1467,47","33,45","13,41","19,00",""
232,"2020 Nov 12","15:38:40",mmHg,"5,0","LX100:36.36.02 S0465",36,36,"63,15","249,98","1741,94","1466,62","33,46","13,41","19,00",""
233,"2020 Nov 12","15:38:40",mmHg,"5,0","LX100:36.36.02 S0465",36,36,"63,18","249,91","1740,32","1466,0","33,43","13,41","19,00",""
234,"2020 Nov 12","15:38:40",mmHg,"5,0","LX100:36.36.02 S0465",36,36,"63,2","249,0","1740,32","1466,37","33,43","13,41","19,00",""
235,"2020 Nov 12","15:38:40",mmHg,"5,0","LX100:36.36.02 S0465",36,36,"63,23","249,99","1740,32","1467,04","33,46","13,41","19,00",""
236,"2020 Nov 12","15:38:40",mmHg,"5,0","LX100:36.36.02 S0465",36,36,"63,24","249,95","1740,32","1467,36","33,45","13,41","19,00",""
237,"2020 Nov 12","15:38:40",mmHg,"5,0","LX100:36.36.02 S0465",36,36,"63,26","249,96","1740,32","1467,89","33,46","13,41","19,00",""
238,"2020 Nov 12","15:38:40",mmHg,"5,0","LX100:36.36.02 S0465",36,36,"63,23","249,33","1740,32","1467,03","33,45","13,41","18,99",""
239,"2020 Nov 12","15:38:40",mmHg,"5,0","LX100:36.36.02 S0465",36,36,"63,23","249,36","1740,32","1467,14","33,46","13,41","19,00",""
240,"2020 Nov 12","15:38:40",mmHg,"5,0","LX100:36.36.02 S0465",36,36,"63,2","249,29","1740,32","1466,41","33,43","13,41","19,00",""
241,"2020 Nov 12","15:38:40",mmHg,"5,0","LX100:36.36.02 S0465",36,36,"63,22","250,03","1740,32","1466,96","33,46","13,41","19,00",""
242,"2020 Nov 12","15:38:40",mmHg,"5,0","LX100:36.36.02 S0465",36,36,"63,18","249,27","1740,32","1466,04","33,43","13,41","19,00",""
243,"2020 Nov 12","15:38:40",mmHg,"5,0","LX100:36.36.02 S0465",36,36,"63,15","249,18","1740,32","1465,33","33,42","13,41","19,00",""
244,"2020 Nov 12","15:38:40",mmHg,"5,0","LX100:36.36.02 S0465",36,36,"63,2","249,41","1740,32","1466,45","33,43","13,41","19,00",""
245,"2020 Nov 12","15:38:40",mmHg,"5,0","LX100:36.36.02 S0465",36,36,"63,24","249,54","1740,32","1467,29","33,46","13,41","19,00",""
246,"2020 Nov 12","15:38:40",mmHg,"5,0","LX100:36.36.02 S0465",36,36,"63,15","249,84","1740,32","1465,31","33,42","13,41","19,00",""
247,"2020 Nov 12","15:38:41",mmHg,"5,0","LX100:36.36.02 S0465",36,36,"63,12","250,14","1741,94","1465,95","33,47","13,41","19,00",""
248,"2020 Nov 12","15:38:41",mmHg,"5,0","LX100:36.36.02 S0465",36,36,"63,24","250,05","1738,71","1465,89","33,41","13,41","19,00",""
249,"2020 Nov 12","15:38:41",mmHg,"5,0","LX100:36.36.02 S0465",36,36,"63,16","249,33","1740,32","1465,41","33,42","13,41","19,00",""
250,"2020 Nov 12","15:38:41",mmHg,"5,0","LX100:36.36.02 S0465",36,36,"63,17","249,25","1740,32","1465,7","33,43","13,41","19,00",""
251,"2020 Nov 12","15:38:41",mmHg,"5,0","LX100:36.36.02 S0465",36,36,"63,27","249,42","1738,71","1466,69","33,42","13,41","19,01",""
252,"2020 Nov 12","15:38:41",mmHg,"5,0","LX100:36.36.02 S0465",36,36,"63,33","250,14","1738,71","1468,12","33,45","13,41","19,00",""
253,"2020 Nov 12","15:38:41",mmHg,"5,0","LX100:36.36.02 S0465",36,36,"63,19","249,98","1740,32","1466,07","33,45","13,41","19,00",""
254,"2020 Nov 12","15:38:41",mmHg,"5,0","LX100:36.36.02 S0465",36,36,"63,18","249,35","1741,94","1467,32","33,48","13,41","19,00",""
255,"2020 Nov 12","15:38:41",mmHg,"5,0","LX100:36.36.02 S0465",36,36,"63,22","249,42","1740,32","1466,86","33,45","13,41","19,00",""
256,"2020 Nov 12","15:38:41",mmHg,"5,0","LX100:36.36.02 S0465",36,36,"63,19","249,18","1740,32","1466,22","33,44","13,41","19,00",""
257,"2020 Nov 12","15:38:41",mmHg,"5,0","LX100:36.36.02 S0465",36,36,"63,24","249,54","1738,71","1465,9","33,42","13,41","19,00",""
258,"2020 Nov 12","15:38:41",mmHg,"5,0","LX100:36.36.02 S0465",36,36,"63,21","250,12","1740,32","1466,65","33,46","13,41","19,00",""
259,"2020 Nov 12","15:38:41",mmHg,"5,0","LX100:36.36.02 S0465",36,36,"63,24","250,19","1740,32","1467,38","33,47","13,41","19,00",""
260,"2020 Nov 12","15:38:41",mmHg,"5,0","LX100:36.36.02 S0465",36,36,"63,19","249,71","1740,32","1466,09","33,43","13,41","19,00",""
261,"2020 Nov 12","15:38:41",mmHg,"5,0","LX100:36.36.02 S0465",36,36,"63,17","249,36","1740,32","1465,59","33,43","13,41","19,00",""
262,"2020 Nov 12","15:38:41",mmHg,"5,0","LX100:36.36.02 S0465",36,36,"63,15","249,51","1740,32","1465,13","33,43","13,41","19,00",""
263,"2020 Nov 12","15:38:41",mmHg,"5,0","LX100:36.36.02 S0465",36,36,"63,18","249,38","1741,94","1467,34","33,49","13,41","19,00",""
264,"2020 Nov 12","15:38:41",mmHg,"5,0","LX100:36.36.02 S0465",36,36,"63,17","249,83","1740,32","1465,67","33,44","13,41","18,99",""
265,"2020 Nov 12","15:38:41",mmHg,"5,0","LX100:36.36.02 S0465",36,36,"63,17","249,21","1740,32","1465,64","33,43","13,41","19,00",""
266,"2020 Nov 12","15:38:41",mmHg,"5,0","LX100:36.36.02 S0465",36,36,"63,25","249,73","1740,32","1467,53","33,48","13,41","19,00",""
267,"2020 Nov 12","15:38:41",mmHg,"5,0","LX100:36.36.02 S0465",36,36,"63,2","249,46","1740,32","1466,41","33,46","13,41","19,00",""
268,"2020 Nov 12","15:38:41",mmHg,"5,0","LX100:36.36.02 S0465",36,36,"63,19","249,38","1740,32","1466,16","33,46","13,41","19,00",""
269,"2020 Nov 12","15:38:41",mmHg,"5,0","LX100:36.36.02 S0465",36,36,"63,24","249,3","1740,32","1467,43","33,47","13,41","19,00",""
270,"2020 Nov 12","15:38:41",mmHg,"5,0","LX100:36.36.02 S0465",36,36,"63,3","249,73","1738,71","1467,42","33,44","13,41","19,00",""
271,"2020 Nov 12","15:38:41",mmHg,"5,0","LX100:36.36.02 S0465",36,36,"63,31","249,66","1738,71","1467,46","33,44","13,41","19,00",""
272,"2020 Nov 12","15:38:41",mmHg,"5,0","LX100:36.36.02 S0465",36,36,"63,21","249,17","1741,94","1467,93","33,5","13,41","19,00",""
273,"2020 Nov 12","15:38:41",mmHg,"5,0","LX100:36.36.02 S0465",36,36,"63,25","249,63","1740,32","1467,45","33,47","13,41","19,00",""
274,"2020 Nov 12","15:38:41",mmHg,"5,0","LX100:36.36.02 S0465",36,36,"63,29","249,3","1740,32","1468,41","33,48","13,41","19,00",""
275,"2020 Nov 12","15:38:41",mmHg,"5,0","LX100:36.36.02 S0465",36,36,"63,25","249,74","1740,32","1467,45","33,46","13,41","19,00",""
276,"2020 Nov 12","15:38:41",mmHg,"5,0","LX100:36.36.02 S0465",36,36,"63,3","249,59","1738,71","1467,28","33,45","13,41","19,00",""
277,"2020 Nov 12","15:38:41",mmHg,"5,0","LX100:36.36.02 S0465",36,36,"63,2","249,25","1740,32","1466,37","33,45","13,41","19,00",""
278,"2020 Nov 12","15:38:41",mmHg,"5,0","LX100:36.36.02 S0465",36,36,"63,22","249,63","1740,32","1466,96","33,47","13,41","19,00",""
279,"2020 Nov 12","15:38:41",mmHg,"5,0","LX100:36.36.02 S0465",36,36,"63,13","249,55","1741,94","1466,18","33,48","13,41","18,99",""
280,"2020 Nov 12","15:38:41",mmHg,"5,0","LX100:36.36.02 S0465",36,36,"63,21","248,84","1740,32","1466,7","33,45","13,41","19,00",""
281,"2020 Nov 12","15:38:41",mmHg,"5,0","LX100:36.36.02 S0465",36,36,"63,28","249,17","1738,71","1466,92","33,44","13,41","19,00",""
282,"2020 Nov 12","15:38:41",mmHg,"5,0","LX100:36.36.02 S0465",36,36,"63,2","249,23","1740,32","1466,38","33,46","13,41","19,00",""
283,"2020 Nov 12","15:38:41",mmHg,"5,0","LX100:36.36.02 S0465",36,36,"63,19","248,94","1740,32","1466,22","33,45","13,41","19,00",""
284,"2020 Nov 12","15:38:41",mmHg,"5,0","LX100:36.36.02 S0465",36,36,"63,21","248,79","1740,32","1466,71","33,46","13,41","19,00",""
285,"2020 Nov 12","15:38:41",mmHg,"5,0","LX100:36.36.02 S0465",36,36,"63,18","249,3","1740,32","1466,01","33,46","13,41","19,00",""
286,"2020 Nov 12","15:38:41",mmHg,"5,0","LX100:36.36.02 S0465",36,36,"63,19","248,79","1741,94","1467,63","33,5","13,41","18,99",""
287,"2020 Nov 12","15:38:41",mmHg,"5,0","LX100:36.36.02 S0465",36,36,"63,23","249,46","1740,32","1467,16","33,47","13,41","18,99",""
288,"2020 Nov 12","15:38:41",mmHg,"5,0","LX100:36.36.02 S0465",36,36,"63,16","248,68","1741,94","1466,77","33,49","13,41","19,00",""
289,"2020 Nov 12","15:38:41",mmHg,"5,0","LX100:36.36.02 S0465",36,36,"63,27","249,32","1740,32","1468,06","33,5","13,41","19,00",""
290,"2020 Nov 12","15:38:41",mmHg,"5,0","LX100:36.36.02 S0465",36,36,"63,25","248,72","1740,32","1467,47","33,48","13,41","19,00",""
291,"2020 Nov 12","15:38:41",mmHg,"5,0","LX100:36.36.02 S0465",36,36,"63,24","249,18","1740,32","1467,39","33,48","13,41","19,00",""
292,"2020 Nov 12","15:38:41",mmHg,"5,0","LX100:36.36.02 S0465",36,36,"63,2","248,57","1740,32","1466,3","33,45","13,41","19,00",""
293,"2020 Nov 12","15:38:41",mmHg,"5,0","LX100:36.36.02 S0465",36,36,"63,23","248,6","1740,32","1467,07","33,46","13,41","19,00",""
294,"2020 Nov 12","15:38:41",mmHg,"5,0","LX100:36.36.02 S0465",36,36,"63,18","248,48","1741,94","1467,31","33,49","13,41","18,99",""
295,"2020 Nov 12","15:38:41",mmHg,"5,0","LX100:36.36.02 S0465",36,36,"63,25","248,78","1738,71","1466,19","33,43","13,41","19,00",""
296,"2020 Nov 12","15:38:41",mmHg,"5,0","LX100:36.36.02 S0465",36,36,"63,21","248,61","1740,32","1466,67","33,45","13,41","19,00",""
297,"2020 Nov 12","15:38:42",mmHg,"5,0","LX100:36.36.02 S0465",36,36,"63,2","248,85","1741,94","1467,78","33,51","13,41","19,00",""
298,"2020 Nov 12","15:38:42",mmHg,"5,0","LX100:36.36.02 S0465",36,36,"63,3","248,92","1740,32","1468,77","33,51","13,41","19,00",""
299,"2020 Nov 12","15:38:42",mmHg,"5,0","LX100:36.36.02 S0465",36,36,"63,23","248,45","1740,32","1467,1","33,47","13,41","18,99",""
300,"2020 Nov 12","15:38:42",mmHg,"5,0","LX100:36.36.02 S0465",36,36,"63,22","248,57","1740,32","1466,77","33,46","13,41","19,00",""
301,"2020 Nov 12","15:38:42",mmHg,"5,0","LX100:36.36.02 S0465",36,36,"63,25","248,5","1740,32","1467,5","33,48","13,41","19,00",""
302,"2020 Nov 12","15:38:42",mmHg,"5,0","LX100:36.36.02 S0465",36,36,"63,17","247,94","1740,32","1465,67","33,44","13,41","19,00",""
303,"2020 Nov 12","15:38:42",mmHg,"5,0","LX100:36.36.02 S0465",36,36,"63,22","248,52","1740,32","1466,89","33,47","13,41","19,00",""
304,"2020 Nov 12","15:38:42",mmHg,"5,0","LX100:36.36.02 S0465",36,36,"63,22","248,35","1740,32","1466,79","33,46","13,41","19,00",""
305,"2020 Nov 12","15:38:42",mmHg,"5,0","LX100:36.36.02 S0465",36,36,"63,17","247,93","1741,94","1467,15","33,49","13,41","19,00",""
306,"2020 Nov 12","15:38:42",mmHg,"5,0","LX100:36.36.02 S0465",36,36,"63,29","247,91","1738,71","1467,05","33,43","13,41","19,00",""
307,"2020 Nov 12","15:38:42",mmHg,"5,0","LX100:36.36.02 S0465",36,36,"63,32","248,28","1738,71","1467,79","33,45","13,41","19,00",""
308,"2020 Nov 12","15:38:42",mmHg,"5,0","LX100:36.36.02 S0465",36,36,"63,2","247,64","1740,32","1466,47","33,45","13,41","19,00",""
309,"2020 Nov 12","15:38:42",mmHg,"5,0","LX100:36.36.02 S0465",36,36,"63,33","247,8","1738,71","1468,01","33,45","13,41","19,00",""
310,"2020 Nov 12","15:38:42",mmHg,"5,0","LX100:36.36.02 S0465",36,36,"63,24","247,52","1740,32","1467,32","33,47","13,41","19,00",""
311,"2020 Nov 12","15:38:42",mmHg,"5,0","LX100:36.36.02 S0465",36,36,"63,22","247,55","1741,94","1468,21","33,5","13,41","19,00",""
312,"2020 Nov 12","15:38:42",mmHg,"5,0","LX100:36.36.02 S0465",36,36,"63,22","247,42","1741,94","1468,16","33,5","13,41","19,00",""
313,"2020 Nov 12","15:38:42",mmHg,"5,0","LX100:36.36.02 S0465",36,36,"63,28","247,41","1740,32","1468,26","33,48","13,41","19,00",""
314,"2020 Nov 12","15:38:42",mmHg,"5,0","LX100:36.36.02 S0465",36,36,"63,27","247,26","1740,32","1468,06","33,48","13,41","19,00",""
315,"2020 Nov 12","15:38:42",mmHg,"5,0","LX100:36.36.02 S0465",36,36,"63,24","247,32","1741,94","1468,67","33,51","13,41","19,00",""
316,"2020 Nov 12","15:38:42",mmHg,"5,0","LX100:36.36.02 S0465",36,36,"63,27","247,1","1740,32","1468,05","33,48","13,41","19,00",""
317,"2020 Nov 12","15:38:42",mmHg,"5,0","LX100:36.36.02 S0465",36,36,"63,28","247,01","1740,32","1468,17","33,49","13,41","19,00",""
318,"2020 Nov 12","15:38:42",mmHg,"5,0","LX100:36.36.02 S0465",36,36,"63,25","247,2","1740,32","1467,48","33,45","13,41","19,00",""
319,"2020 Nov 12","15:38:42",mmHg,"5,0","LX100:36.36.02 S0465",36,36,"63,21","246,61","1740,32","1466,65","33,45","13,41","19,00",""
320,"2020 Nov 12","15:38:42",mmHg,"5,0","LX100:36.36.02 S0465",36,36,"63,2","246,34","1740,32","1466,33","33,43","13,41","19,00",""
321,"2020 Nov 12","15:38:42",mmHg,"5,0","LX100:36.36.02 S0465",36,36,"63,28","246,86","1740,32","1468,35","33,46","13,41","19,00",""
322,"2020 Nov 12","15:38:42",mmHg,"5,0","LX100:36.36.02 S0465",36,36,"63,24","246,66","1740,32","1467,38","33,44","13,41","19,00",""
323,"2020 Nov 12","15:38:42",mmHg,"5,0","LX100:36.36.02 S0465",36,36,"63,18","245,96","1740,32","1465,93","33,42","13,41","19,00",""
324,"2020 Nov 12","15:38:42",mmHg,"5,0","LX100:36.36.02 S0465",36,36,"63,26","246,04","1740,32","1467,79","33,45","13,41","19,00",""
325,"2020 Nov 12","15:38:42",mmHg,"5,0","LX100:36.36.02 S0465",36,36,"63,27","246,39","1738,71","1466,66","33,42","13,41","19,00",""
326,"2020 Nov 12","15:38:42",mmHg,"5,0","LX100:36.36.02 S0465",36,36,"63,17","245,97","1740,32","1465,59","33,45","13,40","19,00",""
327,"2020 Nov 12","15:38:42",mmHg,"5,0","LX100:36.36.02 S0465",36,36,"63,19","245,73","1740,32","1466,05","33,47","13,40","19,00",""
328,"2020 Nov 12","15:38:42",mmHg,"5,0","LX100:36.36.02 S0465",36,36,"63,24","246,16","1740,32","1467,36","33,49","13,40","19,01",""
329,"2020 Nov 12","15:38:42",mmHg,"5,0","LX100:36.36.02 S0465",36,36,"63,17","246,02","1741,94","1467,01","33,5","13,40","19,00",""
330,"2020 Nov 12","15:38:42",mmHg,"5,0","LX100:36.36.02 S0465",36,36,"63,2","245,06","1740,32","1466,46","33,44","13,40","19,00",""
331,"2020 Nov 12","15:38:42",mmHg,"5,0","LX100:36.36.02 S0465",36,36,"63,3","245,79","1738,71","1467,25","33,43","13,41","19,00",""
332,"2020 Nov 12","15:38:42",mmHg,"5,0","LX100:36.36.02 S0465",36,36,"63,25","245,07","1740,32","1467,46","33,44","13,41","19,00",""
333,"2020 Nov 12","15:38:42",mmHg,"5,0","LX100:36.36.02 S0465",36,36,"63,26","245,62","1740,32","1467,81","33,48","13,41","19,01",""
334,"2020 Nov 12","15:38:42",mmHg,"5,0","LX100:36.36.02 S0465",36,36,"63,24","244,98","1740,32","1467,3","33,46","13,41","19,00",""
335,"2020 Nov 12","15:38:42",mmHg,"5,0","LX100:36.36.02 S0465",36,36,"63,31","244,81","1740,32","1469,05","33,49","13,41","19,00",""
336,"2020 Nov 12","15:38:42",mmHg,"5,0","LX100:36.36.02 S0465",36,36,"63,24","245,62","1741,94","1468,63","33,53","13,40","19,00",""
337,"2020 Nov 12","15:38:42",mmHg,"5,0","LX100:36.36.02 S0465",36,36,"63,21","245,24","1740,32","1466,71","33,51","13,40","19,00",""
338,"2020 Nov 12","15:38:42",mmHg,"5,0","LX100:36.36.02 S0465",36,36,"63,18","245,23","1740,32","1465,84","33,51","13,39","19,00",""
339,"2020 Nov 12","15:38:42",mmHg,"5,0","LX100:36.36.02 S0465",36,36,"63,15","245,11","1740,32","1465,3","33,54","13,39","19,00",""
340,"2020 Nov 12","15:38:42",mmHg,"5,0","LX100:36.36.02 S0465",36,36,"63,19","245,32","1738,71","1464,74","33,53","13,38","19,00",""
341,"2020 Nov 12","15:38:42",mmHg,"5,0","LX100:36.36.02 S0465",36,36,"63,07","245,02","1740,32","1463,4","33,51","13,39","19,00",""
342,"2020 Nov 12","15:38:42",mmHg,"5,0","LX100:36.36.02 S0465",36,36,"63,14","244,61","1740,32","1464,93","33,51","13,39","19,01",""
343,"2020 Nov 12","15:38:42",mmHg,"5,0","LX100:36.36.02 S0465",36,36,"63,2","244,29","1740,32","1466,4","33,53","13,39","19,00",""
344,"2020 Nov 12","15:38:42",mmHg,"5,0","LX100:36.36.02 S0465",36,36,"63,17","244,81","1740,32","1465,78","33,53","13,39","19,00",""
345,"2020 Nov 12","15:38:42",mmHg,"5,0","LX100:36.36.02 S0465",36,36,"63,17","244,7","1740,32","1465,78","33,53","13,39","19,00",""
346,"2020 Nov 12","15:38:42",mmHg,"5,0","LX100:36.36.02 S0465",36,36,"63,2","244,78","1740,32","1466,49","33,55","13,39","19,00",""
347,"2020 Nov 12","15:38:43",mmHg,"5,0","LX100:36.36.02 S0465",36,36,"63,25","245,21","1738,71","1466,15","33,54","13,39","19,00",""
348,"2020 Nov 12","15:38:43",mmHg,"5,0","LX100:36.36.02 S0465",36,36,"63,18","244,42","1740,32","1466,03","33,57","13,39","19,00",""
349,"2020 Nov 12","15:38:43",mmHg,"5,0","LX100:36.36.02 S0465",36,36,"63,18","244,89","1740,32","1465,91","33,57","13,39","19,00",""
350,"2020 Nov 12","15:38:43",mmHg,"5,0","LX100:36.36.02 S0465",36,36,"63,18","244,45","1740,32","1465,99","33,54","13,39","19,00",""
351,"2020 Nov 12","15:38:43",mmHg,"5,0","LX100:36.36.02 S0465",36,36,"63,27","245,09","1738,71","1466,74","33,54","13,39","19,00",""
352,"2020 Nov 12","15:38:43",mmHg,"5,0","LX100:36.36.02 S0465",36,36,"63,19","244,24","1740,32","1466,23","33,53","13,39","19,00",""
353,"2020 Nov 12","15:38:43",mmHg,"5,0","LX100:36.36.02 S0465",36,36,"63,2","245,18","1740,32","1466,42","33,56","13,39","19,00",""
354,"2020 Nov 12","15:38:43",mmHg,"5,0","LX100:36.36.02 S0465",36,36,"63,15","244,32","1740,32","1465,29","33,52","13,39","19,00",""
355,"2020 Nov 12","15:38:43",mmHg,"5,0","LX100:36.36.02 S0465",36,36,"63,22","244,78","1738,71","1465,56","33,53","13,39","19,00",""
356,"2020 Nov 12","15:38:43",mmHg,"5,0","LX100:36.36.02 S0465",36,36,"63,13","244,3","1740,32","1464,7","33,53","13,39","18,99",""
357,"2020 Nov 12","15:38:43",mmHg,"5,0","LX100:36.36.02 S0465",36,36,"63,16","244,89","1740,32","1465,47","33,53","13,39","19,00",""
358,"2020 Nov 12","15:38:43",mmHg,"5,0","LX100:36.36.02 S0465",36,36,"63,14","244,05","1740,32","1464,93","33,52","13,39","19,00",""
359,"2020 Nov 12","15:38:43",mmHg,"5,0","LX100:36.36.02 S0465",36,36,"63,12","244,52","1740,32","1464,61","33,51","13,39","19,00",""
360,"2020 Nov 12","15:38:43",mmHg,"5,0","LX100:36.36.02 S0465",36,36,"63,11","244,5","1740,32","1464,26","33,51","13,39","19,00",""
361,"2020 Nov 12","15:38:43",mmHg,"5,0","LX100:36.36.02 S0465",36,36,"63,13","244,02","1740,32","1464,82","33,52","13,39","19,00",""
362,"2020 Nov 12","15:38:43",mmHg,"5,0","LX100:36.36.02 S0465",36,36,"63,09","244,73","1740,32","1463,86","33,51","13,39","19,00",""
363,"2020 Nov 12","15:38:43",mmHg,"5,0","LX100:36.36.02 S0465",36,36,"63,16","245,18","1740,32","1465,43","33,54","13,39","19,00",""
364,"2020 Nov 12","15:38:43",mmHg,"5,0","LX100:36.36.02 S0465",36,36,"63,17","244,07","1740,32","1465,59","33,53","13,39","19,00",""
365,"2020 Nov 12","15:38:43",mmHg,"5,0","LX100:36.36.02 S0465",36,36,"63,14","244,13","1740,32","1464,97","33,51","13,39","19,00",""
366,"2020 Nov 12","15:38:43",mmHg,"5,0","LX100:36.36.02 S0465",36,36,"63,19","244,27","1740,32","1466,24","33,53","13,39","19,00",""
367,"2020 Nov 12","15:38:43",mmHg,"5,0","LX100:36.36.02 S0465",36,36,"63,15","244,93","1740,32","1465,2","33,53","13,39","19,00",""
368,"2020 Nov 12","15:38:43",mmHg,"5,0","LX100:36.36.02 S0465",36,36,"63,13","244,36","1740,32","1464,87","33,52","13,39","19,00",""
369,"2020 Nov 12","15:38:43",mmHg,"5,0","LX100:36.36.02 S0465",36,36,"63,09","244,6","1740,32","1463,91","33,51","13,39","19,00",""
370,"2020 Nov 12","15:38:43",mmHg,"5,0","LX100:36.36.02 S0465",36,36,"63,19","244,83","1740,32","1466,14","33,55","13,39","19,00",""
371,"2020 Nov 12","15:38:43",mmHg,"5,0","LX100:36.36.02 S0465",36,36,"63,19","245,23","1740,32","1466,06","33,55","13,39","19,00",""
372,"2020 Nov 12","15:38:43",mmHg,"5,0","LX100:36.36.02 S0465",36,36,"63,12","244,25","1740,32","1464,54","33,5","13,39","19,00",""
373,"2020 Nov 12","15:38:43",mmHg,"5,0","LX100:36.36.02 S0465",36,36,"63,2","245,18","1738,71","1464,93","33,5","13,39","19,01",""
374,"2020 Nov 12","15:38:43",mmHg,"5,0","LX100:36.36.02 S0465",36,36,"63,18","244,6","1740,32","1465,82","33,53","13,39","19,00",""
375,"2020 Nov 12","15:38:43",mmHg,"5,0","LX100:36.36.02 S0465",36,36,"63,21","245,22","1740,32","1466,51","33,55","13,39","19,00",""
376,"2020 Nov 12","15:38:43",mmHg,"5,0","LX100:36.36.02 S0465",36,36,"63,14","244,94","1740,32","1464,98","33,52","13,39","19,00",""
377,"2020 Nov 12","15:38:43",mmHg,"5,0","LX100:36.36.02 S0465",36,36,"63,12","245,02","1740,32","1464,63","33,52","13,39","19,00",""
378,"2020 Nov 12","15:38:43",mmHg,"5,0","LX100:36.36.02 S0465",36,36,"63,17","244,17","1740,32","1465,6","33,53","13,39","19,00",""
379,"2020 Nov 12","15:38:43",mmHg,"5,0","LX100:36.36.02 S0465",36,36,"63,18","245,23","1738,71","1464,61","33,5","13,39","19,00",""
380,"2020 Nov 12","15:38:43",mmHg,"5,0","LX100:36.36.02 S0465",36,36,"63,15","245,18","1740,32","1465,15","33,53","13,39","19,00",""
381,"2020 Nov 12","15:38:43",mmHg,"5,0","LX100:36.36.02 S0465",36,36,"63,13","244,23","1740,32","1464,86","33,5","13,39","19,00",""
382,"2020 Nov 12","15:38:43",mmHg,"5,0","LX100:36.36.02 S0465",36,36,"63,2","245,01","1738,71","1465,08","33,5","13,39","19,00",""
383,"2020 Nov 12","15:38:43",mmHg,"5,0","LX100:36.36.02 S0465",36,36,"63,14","244,55","1740,32","1465,02","33,51","13,39","19,00",""
384,"2020 Nov 12","15:38:43",mmHg,"5,0","LX100:36.36.02 S0465",36,36,"63,21","245,36","1738,71","1465,33","33,51","13,39","19,00",""
385,"2020 Nov 12","15:38:43",mmHg,"5,0","LX100:36.36.02 S0465",36,36,"63,09","244,14","1740,32","1463,82","33,49","13,39","19,00",""
386,"2020 Nov 12","15:38:43",mmHg,"5,0","LX100:36.36.02 S0465",36,36,"63,2","244,69","1740,32","1466,33","33,51","13,39","19,01",""
387,"2020 Nov 12","15:38:43",mmHg,"5,0","LX100:36.36.02 S0465",36,36,"63,27","245,4","1738,71","1466,59","33,46","13,40","19,00",""
388,"2020 Nov 12","15:38:43",mmHg,"5,0","LX100:36.36.02 S0465",36,36,"63,21","244,39","1740,32","1466,63","33,49","13,39","19,01",""
389,"2020 Nov 12","15:38:43",mmHg,"5,0","LX100:36.36.02 S0465",36,36,"63,2","244,45","1740,32","1466,33","33,53","13,39","19,00",""
390,"2020 Nov 12","15:38:43",mmHg,"5,0","LX100:36.36.02 S0465",36,36,"63,22","245,25","1740,32","1466,94","33,56","13,39","19,01",""
391,"2020 Nov 12","15:38:43",mmHg,"5,0","LX100:36.36.02 S0465",36,36,"63,18","244,54","1740,32","1465,91","33,53","13,39","19,00",""
392,"2020 Nov 12","15:38:43",mmHg,"5,0","LX100:36.36.02 S0465",36,36,"63,19","245,41","1740,32","1466,12","33,54","13,39","19,01",""
393,"2020 Nov 12","15:38:43",mmHg,"5,0","LX100:36.36.02 S0465",36,36,"63,17","245,52","1740,32","1465,75","33,53","13,39","19,00",""
394,"2020 Nov 12","15:38:43",mmHg,"5,0","LX100:36.36.02 S0465",36,36,"63,18","244,89","1740,32","1465,98","33,5","13,39","19,01",""
395,"2020 Nov 12","15:38:43",mmHg,"5,0","LX100:36.36.02 S0465",36,36,"63,21","244,61","1740,32","1466,55","33,5","13,39","19,00",""
396,"2020 Nov 12","15:38:43",mmHg,"5,0","LX100:36.36.02 S0465",36,36,"63,19","244,87","1740,32","1466,11","33,48","13,39","19,00",""
397,"2020 Nov 12","15:38:44",mmHg,"5,0","LX100:36.36.02 S0465",36,36,"63,17","244,95","1740,32","1465,67","33,47","13,39","19,00",""
398,"2020 Nov 12","15:38:44",mmHg,"5,0","LX100:36.36.02 S0465",36,36,"63,23","245,72","1740,32","1466,97","33,52","13,39","19,00",""
399,"2020 Nov 12","15:38:44",mmHg,"5,0","LX100:36.36.02 S0465",36,36,"63,26","245,49","1740,32","1467,83","33,53","13,39","19,00",""
400,"2020 Nov 12","15:38:44",mmHg,"5,0","LX100:36.36.02 S0465",36,36,"63,18","244,65","1740,32","1465,94","33,48","13,39","19,01",""
401,"2020 Nov 12","15:38:44",mmHg,"5,0","LX100:36.36.02 S0465",36,36,"63,23","244,86","1740,32","1467,18","33,5","13,39","19,00",""
402,"2020 Nov 12","15:38:44",mmHg,"5,0","LX100:36.36.02 S0465",36,36,"63,17","244,73","1740,32","1465,73","33,47","13,39","19,00",""
403,"2020 Nov 12","15:38:44",mmHg,"5,0","LX100:36.36.02 S0465",36,36,"63,19","245,71","1738,71","1464,89","33,42","13,40","19,00",""
404,"2020 Nov 12","15:38:44",mmHg,"5,0","LX100:36.36.02 S0465",36,36,"63,16","244,73","1740,32","1465,42","33,46","13,39","19,00",""
405,"2020 Nov 12","15:38:44",mmHg,"5,0","LX100:36.36.02 S0465",36,36,"63,22","245,34","1740,32","1466,89","33,48","13,39","19,00",""
406,"2020 Nov 12","15:38:44",mmHg,"5,0","LX100:36.36.02 S0465",36,36,"63,29","245,87","1738,71","1467,21","33,48","13,39","19,00",""
407,"2020 Nov 12","15:38:44",mmHg,"5,0","LX100:36.36.02 S0465",36,36,"63,15","245,63","1740,32","1465,26","33,48","13,39","19,00",""
408,"2020 Nov 12","15:38:44",mmHg,"5,0","LX100:36.36.02 S0465",36,36,"63,16","244,89","1740,32","1465,5","33,47","13,39","19,00",""
409,"2020 Nov 12","15:38:44",mmHg,"5,0","LX100:36.36.02 S0465",36,36,"63,14","245,79","1740,32","1464,95","33,47","13,39","19,00",""
410,"2020 Nov 12","15:38:44",mmHg,"5,0","LX100:36.36.02 S0465",36,36,"63,18","245,04","1740,32","1465,93","33,46","13,39","19,00",""
411,"2020 Nov 12","15:38:44",mmHg,"5,0","LX100:36.36.02 S0465",36,36,"63,2","245,7","1738,71","1464,97","33,41","13,40","19,01",""
412,"2020 Nov 12","15:38:44",mmHg,"5,0","LX100:36.36.02 S0465",36,36,"63,17","244,86","1740,32","1465,74","33,43","13,40","19,01",""
413,"2020 Nov 12","15:38:44",mmHg,"5,0","LX100:36.36.02 S0465",36,36,"63,24","244,84","1740,32","1467,38","33,45","13,40","19,01",""
414,"2020 Nov 12","15:38:44",mmHg,"5,0","LX100:36.36.02 S0465",36,36,"63,27","245,8","1738,71","1466,67","33,43","13,40","19,01",""
415,"2020 Nov 12","15:38:44",mmHg,"5,0","LX100:36.36.02 S0465",36,36,"63,23","245,68","1738,71","1465,77","33,4","13,40","19,01",""
416,"2020 Nov 12","15:38:44",mmHg,"5,0","LX100:36.36.02 S0465",36,36,"63,17","245,72","1740,32","1465,79","33,42","13,40","19,01",""
417,"2020 Nov 12","15:38:44",mmHg,"5,0","LX100:36.36.02 S0465",36,36,"63,22","245,19","1740,32","1466,74","33,43","13,40","19,01",""
418,"2020 Nov 12","15:38:44",mmHg,"5,0","LX100:36.36.02 S0465",36,36,"63,14","245,11","1740,32","1464,95","33,38","13,40","19,01",""
419,"2020 Nov 12","15:38:44",mmHg,"5,0","LX100:36.36.02 S0465",36,36,"63,19","244,8","1740,32","1466,21","33,37","13,41","19,01",""
420,"2020 Nov 12","15:38:44",mmHg,"5,0","LX100:36.36.02 S0465",36,36,"63,3","245,77","1738,71","1467,27","33,38","13,41","19,01",""
421,"2020 Nov 12","15:38:44",mmHg,"5,0","LX100:36.36.02 S0465",36,36,"63,21","245,55","1740,32","1466,68","33,38","13,41","19,01",""
422,"2020 Nov 12","15:38:44",mmHg,"5,0","LX100:36.36.02 S0465",36,36,"63,2","245,1","1740,32","1466,38","33,35","13,41","19,01",""
423,"2020 Nov 12","15:38:44",mmHg,"5,0","LX100:36.36.02 S0465",36,36,"63,25","245,38","1740,32","1467,47","33,38","13,41","19,01",""
424,"2020 Nov 12","15:38:44",mmHg,"5,0","LX100:36.36.02 S0465",36,36,"63,26","245,35","1740,32","1467,83","33,36","13,41","19,01",""
425,"2020 Nov 12","15:38:44",mmHg,"5,0","LX100:36.36.02 S0465",36,36,"63,32","245,75","1738,71","1467,8","33,34","13,41","19,01",""
426,"2020 Nov 12","15:38:44",mmHg,"5,0","LX100:36.36.02 S0465",36,36,"63,33","245,43","1738,71","1467,94","33,33","13,41","19,02",""
427,"2020 Nov 12","15:38:44",mmHg,"5,0","LX100:36.36.02 S0465",36,36,"63,25","245,63","1740,32","1467,45","33,36","13,41","19,01",""
428,"2020 Nov 12","15:38:44",mmHg,"5,0","LX100:36.36.02 S0465",36,36,"63,26","245,13","1740,32","1467,7","33,34","13,41","19,01",""
429,"2020 Nov 12","15:38:44",mmHg,"5,0","LX100:36.36.02 S0465",36,36,"63,25","244,85","1740,32","1467,46","33,33","13,41","19,01",""
430,"2020 Nov 12","15:38:44",mmHg,"5,0","LX100:36.36.02 S0465",36,36,"63,24","245,97","1740,32","1467,27","33,34","13,42","19,01",""
431,"2020 Nov 12","15:38:44",mmHg,"5,0","LX100:36.36.02 S0465",36,36,"63,24","245,58","1740,32","1467,35","33,35","13,41","19,01",""
432,"2020 Nov 12","15:38:44",mmHg,"5,0","LX100:36.36.02 S0465",36,36,"63,31","245,71","1738,71","1467,61","33,32","13,42","19,02",""
433,"2020 Nov 12","15:38:44",mmHg,"5,0","LX100:36.36.02 S0465",36,36,"63,24","245,92","1740,32","1467,39","33,31","13,42","19,01",""
434,"2020 Nov 12","15:38:44",mmHg,"5,0","LX100:36.36.02 S0465",36,36,"63,18","245,7","1741,94","1467,24","33,32","13,42","19,02",""
435,"2020 Nov 12","15:38:44",mmHg,"5,0","LX100:36.36.02 S0465",36,36,"63,24","245,92","1741,94","1468,63","33,35","13,42","19,01",""
436,"2020 Nov 12","15:38:44",mmHg,"5,0","LX100:36.36.02 S0465",36,36,"63,25","245,28","1740,32","1467,52","33,28","13,42","19,01",""
437,"2020 Nov 12","15:38:44",mmHg,"5,0","LX100:36.36.02 S0465",36,36,"63,27","245,95","1738,71","1466,73","33,25","13,42","19,01",""
438,"2020 Nov 12","15:38:44",mmHg,"5,0","LX100:36.36.02 S0465",36,36,"63,27","245,48","1738,71","1466,55","33,24","13,42","19,01",""
439,"2020 Nov 12","15:38:44",mmHg,"5,0","LX100:36.36.02 S0465",36,36,"63,24","246,16","1740,32","1467,26","33,29","13,42","19,01",""
440,"2020 Nov 12","15:38:44",mmHg,"5,0","LX100:36.36.02 S0465",36,36,"63,3","246,0","1738,71","1467,45","33,26","13,42","19,01",""
441,"2020 Nov 12","15:38:44",mmHg,"5,0","LX100:36.36.02 S0465",36,36,"63,23","245,91","1740,32","1467,1","33,27","13,42","19,01",""
442,"2020 Nov 12","15:38:44",mmHg,"5,0","LX100:36.36.02 S0465",36,36,"63,26","245,98","1738,71","1466,44","33,24","13,42","19,01",""
443,"2020 Nov 12","15:38:44",mmHg,"5,0","LX100:36.36.02 S0465",36,36,"63,21","245,68","1741,94","1468,06","33,32","13,42","19,01",""
444,"2020 Nov 12","15:38:44",mmHg,"5,0","LX100:36.36.02 S0465",36,36,"63,24","246,04","1740,32","1467,3","33,28","13,42","19,01",""
445,"2020 Nov 12","15:38:44",mmHg,"5,0","LX100:36.36.02 S0465",36,36,"63,24","246,26","1740,32","1467,38","33,29","13,42","19,01",""
446,"2020 Nov 12","15:38:44",mmHg,"5,0","LX100:36.36.02 S0465",36,36,"63,19","246,43","1740,32","1466,19","33,28","13,42","19,01",""
447,"2020 Nov 12","15:38:45",mmHg,"5,0","LX100:36.36.02 S0465",36,36,"63,17","245,95","1741,94","1467,03","33,31","13,42","19,01",""
448,"2020 Nov 12","15:38:45",mmHg,"5,0","LX100:36.36.02 S0465",36,36,"63,27","246,54","1740,32","1468,0","33,3","13,42","19,01",""
449,"2020 Nov 12","15:38:45",mmHg,"5,0","LX100:36.36.02 S0465",36,36,"63,22","245,98","1740,32","1466,86","33,28","13,42","19,00",""
450,"2020 Nov 12","15:38:45",mmHg,"5,0","LX100:36.36.02 S0465",36,36,"63,21","246,33","1740,32","1466,57","33,29","13,42","19,01",""
451,"2020 Nov 12","15:38:45",mmHg,"5,0","LX100:36.36.02 S0465",36,36,"63,21","245,67","1740,32","1466,6","33,28","13,42","19,01",""
452,"2020 Nov 12","15:38:45",mmHg,"5,0","LX100:36.36.02 S0465",36,36,"63,27","246,6","1740,32","1467,97","33,32","13,42","19,02",""
453,"2020 Nov 12","15:38:45",mmHg,"5,0","LX100:36.36.02 S0465",36,36,"63,91","245,89","1741,94","1484,22","33,42","13,46","19,12",""
454,"2020 Nov 12","15:38:45",mmHg,"5,0","LX100:36.36.02 S0465",36,36,"64,27","242,38","1743,55","1493,87","32,04","13,69","19,12",""
455,"2020 Nov 12","15:38:45",mmHg,"5,0","LX100:36.36.02 S0465",36,36,"64,52","241,61","1745,16","1501,21","31,82","13,75","19,11",""
456,"2020 Nov 12","15:38:45",mmHg,"5,0","LX100:36.36.02 S0465",36,36,"64,31","239,92","1743,55","1494,95","31,33","13,78","19,09",""
457,"2020 Nov 12","15:38:45",mmHg,"5,0","LX100:36.36.02 S0465",36,36,"64,19","240,31","1745,16","1493,45","31,95","13,71","19,06",""
458,"2020 Nov 12","15:38:45",mmHg,"5,0","LX100:36.36.02 S0465",36,36,"63,29","242,47","1738,71","1467,16","33,23","13,41","19,10",""
459,"2020 Nov 12","15:38:45",mmHg,"5,0","LX100:36.36.02 S0465",36,36,"63,04","243,59","1737,1","1459,98","33,67","13,33","19,11",""
460,"2020 Nov 12","15:38:45",mmHg,"5,0","LX100:36.36.02 S0465",36,36,"62,69","243,96","1738,71","1453,17","33,97","13,27","19,11",""
461,"2020 Nov 12","15:38:45",mmHg,"5,0","LX100:36.36.02 S0465",36,36,"62,51","246,38","1738,71","1448,92","34,3","13,21","19,11",""
462,"2020 Nov 12","15:38:45",mmHg,"5,0","LX100:36.36.02 S0465",36,36,"62,47","245,62","1738,71","1448,15","34,27","13,21","19,12",""
463,"2020 Nov 12","15:38:45",mmHg,"5,0","LX100:36.36.02 S0465",36,36,"62,63","245,42","1738,71","1451,93","34,14","13,24","19,14",""
464,"2020 Nov 12","15:38:45",mmHg,"5,0","LX100:36.36.02 S0465",36,36,"62,86","244,74","1738,71","1457,26","33,91","13,29","19,14",""
465,"2020 Nov 12","15:38:45",mmHg,"5,0","LX100:36.36.02 S0465",36,36,"63,25","244,38","1738,71","1466,17","33,22","13,41","19,15",""
466,"2020 Nov 12","15:38:45",mmHg,"5,0","LX100:36.36.02 S0465",36,36,"63,72","245,04","1745,16","1482,6","32,99","13,53","19,07",""
467,"2020 Nov 12","15:38:45",mmHg,"5,0","LX100:36.36.02 S0465",36,36,"63,79","245,09","1743,55","1482,93","33,17","13,50","19,06",""
468,"2020 Nov 12","15:38:45",mmHg,"5,0","LX100:36.36.02 S0465",36,36,"63,74","246,76","1745,16","1482,98","33,57","13,46","19,05",""
469,"2020 Nov 12","15:38:45",mmHg,"5,0","LX100:36.36.02 S0465",36,36,"63,68","250,09","1740,32","1477,6","34,18","13,34","19,05",""
470,"2020 Nov 12","15:38:45",mmHg,"5,0","LX100:36.36.02 S0465",36,36,"63,53","250,53","1740,32","1474,11","34,44","13,30","19,05",""
471,"2020 Nov 12","15:38:45",mmHg,"5,0","LX100:36.36.02 S0465",36,36,"63,43","251,92","1740,32","1471,81","34,65","13,26","19,06",""
472,"2020 Nov 12","15:38:45",mmHg,"5,0","LX100:36.36.02 S0465",36,36,"63,36","252,95","1740,32","1470,2","34,63","13,26","19,06",""
473,"2020 Nov 12","15:38:45",mmHg,"5,0","LX100:36.36.02 S0465",36,36,"63,3","248,69","1740,32","1468,64","33,93","13,34","19,07",""
474,"2020 Nov 12","15:38:45",mmHg,"5,0","LX100:36.36.02 S0465",36,36,"63,27","245,92","1740,32","1468,12","33,57","13,39","19,07",""
475,"2020 Nov 12","15:38:45",mmHg,"5,0","LX100:36.36.02 S0465",36,36,"63,38","245,7","1738,71","1469,3","33,3","13,42","19,06",""
476,"2020 Nov 12","15:38:45",mmHg,"5,0","LX100:36.36.02 S0465",36,36,"63,39","246,07","1741,94","1472,1","33,15","13,46","19,04",""
477,"2020 Nov 12","15:38:45",mmHg,"5,0","LX100:36.36.02 S0465",36,36,"63,29","245,47","1741,94","1469,9","33,15","13,46","19,04",""
478,"2020 Nov 12","15:38:45",mmHg,"5,0","LX100:36.36.02 S0465",36,36,"63,36","246,25","1741,94","1471,46","33,34","13,44","19,05",""
479,"2020 Nov 12","15:38:45",mmHg,"5,0","LX100:36.36.02 S0465",36,36,"63,36","246,14","1741,94","1471,42","33,57","13,41","19,04",""
480,"2020 Nov 12","15:38:45",mmHg,"5,0","LX100:36.36.02 S0465",36,36,"63,32","250,39","1740,32","1469,14","34,41","13,28","19,07",""
481,"2020 Nov 12","15:38:45",mmHg,"5,0","LX100:36.36.02 S0465",36,36,"63,34","251,24","1740,32","1469,7","34,39","13,29","19,08",""
482,"2020 Nov 12","15:38:45",mmHg,"5,0","LX100:36.36.02 S0465",36,36,"63,37","249,7","1740,32","1470,36","34,26","13,30","19,08",""
483,"2020 Nov 12","15:38:45",mmHg,"5,0","LX100:36.36.02 S0465",36,36,"63,46","249,14","1740,32","1472,53","34,13","13,33","19,08",""
484,"2020 Nov 12","15:38:45",mmHg,"5,0","LX100:36.36.02 S0465",36,36,"63,45","247,72","1740,32","1472,08","33,74","13,38","19,06",""
485,"2020 Nov 12","15:38:45",mmHg,"5,0","LX100:36.36.02 S0465",36,36,"63,46","246,75","1740,32","1472,42","33,61","13,40","19,06",""
486,"2020 Nov 12","15:38:45",mmHg,"5,0","LX100:36.36.02 S0465",36,36,"63,4","246,64","1741,94","1472,28","33,54","13,41","19,05",""
487,"2020 Nov 12","15:38:45",mmHg,"5,0","LX100:36.36.02 S0465",36,36,"63,36","247,02","1740,32","1470,07","33,63","13,39","19,04",""
488,"2020 Nov 12","15:38:45",mmHg,"5,0","LX100:36.36.02 S0465",36,36,"63,22","248,95","1740,32","1466,75","33,87","13,35","19,05",""
489,"2020 Nov 12","15:38:45",mmHg,"5,0","LX100:36.36.02 S0465",36,36,"63,17","249,4","1740,32","1465,74","33,95","13,33","19,06",""
490,"2020 Nov 12","15:38:45",mmHg,"5,0","LX100:36.36.02 S0465",36,36,"63,26","250,03","1740,32","1467,82","34,11","13,32","19,06",""
491,"2020 Nov 12","15:38:45",mmHg,"5,0","LX100:36.36.02 S0465",36,36,"63,22","249,36","1740,32","1466,88","34,07","13,32","19,06",""
492,"2020 Nov 12","15:38:45",mmHg,"5,0","LX100:36.36.02 S0465",36,36,"63,24","250,19","1740,32","1467,37","34,04","13,33","19,06",""
493,"2020 Nov 12","15:38:45",mmHg,"5,0","LX100:36.36.02 S0465",36,36,"63,33","249,4","1740,32","1469,32","33,85","13,36","19,06",""
494,"2020 Nov 12","15:38:45",mmHg,"5,0","LX100:36.36.02 S0465",36,36,"63,35","249,05","1740,32","1469,94","33,74","13,37","19,05",""
495,"2020 Nov 12","15:38:45",mmHg,"5,0","LX100:36.36.02 S0465",36,36,"63,44","248,85","1738,71","1470,54","33,63","13,39","19,05",""
496,"2020 Nov 12","15:38:45",mmHg,"5,0","LX100:36.36.02 S0465",36,36,"63,37","248,57","1740,32","1470,45","33,67","13,39","19,04",""
497,"2020 Nov 12","15:38:46",mmHg,"5,0","LX100:36.36.02 S0465",36,36,"63,22","248,44","1740,32","1466,82","33,81","13,35","19,05",""
498,"2020 Nov 12","15:38:46",mmHg,"5,0","LX100:36.36.02 S0465",36,36,"63,11","249,01","1740,32","1464,2","33,84","13,34","19,06",""
499,"2020 Nov 12","15:38:46",mmHg,"5,0","LX100:36.36.02 S0465",36,36,"63,04","247,74","1740,32","1462,63","33,83","13,33","19,06",""
500,"2020 Nov 12","15:38:46",mmHg,"5,0","LX100:36.36.02 S0465",36,36,"63,03","248,38","1740,32","1462,39","33,84","13,33","19,07",""
501,"2020 Nov 12","15:38:46",mmHg,"5,0","LX100:36.36.02 S0465",36,36,"63,07","247,84","1740,32","1463,31","33,8","13,34","19,07",""
502,"2020 Nov 12","15:38:46",mmHg,"5,0","LX100:36.36.02 S0465",36,36,"63,09","248,42","1740,32","1463,9","33,78","13,34","19,07",""
503,"2020 Nov 12","15:38:46",mmHg,"5,0","LX100:36.36.02 S0465",36,36,"63,19","248,3","1740,32","1466,07","33,77","13,35","19,07",""
504,"2020 Nov 12","15:38:46",mmHg,"5,0","LX100:36.36.02 S0465",36,36,"63,28","248,64","1740,32","1468,22","33,76","13,36","19,07",""
505,"2020 Nov 12","15:38:46",mmHg,"5,0","LX100:36.36.02 S0465",36,36,"63,52","249,66","1740,32","1473,93","33,85","13,37","19,05",""
506,"2020 Nov 12","15:38:46",mmHg,"5,0","LX100:36.36.02 S0465",36,36,"63,5","250,06","1740,32","1473,31","33,86","13,37","19,05",""
507,"2020 Nov 12","15:38:46",mmHg,"5,0","LX100:36.36.02 S0465",36,36,"63,47","250,11","1740,32","1472,65","33,88","13,37","19,05",""
508,"2020 Nov 12","15:38:46",mmHg,"5,0","LX100:36.36.02 S0465",36,36,"63,38","249,86","1740,32","1470,64","33,91","13,36","19,05",""
509,"2020 Nov 12","15:38:46",mmHg,"5,0","LX100:36.36.02 S0465",36,36,"63,39","250,51","1740,32","1470,75","33,94","13,35","19,05",""
510,"2020 Nov 12","15:38:46",mmHg,"5,0","LX100:36.36.02 S0465",36,36,"63,36","249,95","1740,32","1470,21","33,94","13,35","19,05",""
511,"2020 Nov 12","15:38:46",mmHg,"5,0","LX100:36.36.02 S0465",36,36,"63,42","250,52","1738,71","1470,19","33,93","13,35","19,06",""
512,"2020 Nov 12","15:38:46",mmHg,"5,0","LX100:36.36.02 S0465",36,36,"63,25","249,14","1740,32","1467,61","33,75","13,36","19,05",""
513,"2020 Nov 12","15:38:46",mmHg,"5,0","LX100:36.36.02 S0465",36,36,"63,3","249,66","1738,71","1467,29","33,73","13,36","19,05",""
514,"2020 Nov 12","15:38:46",mmHg,"5,0","LX100:36.36.02 S0465",36,36,"63,23","248,69","1740,32","1467,05","33,75","13,36","19,05",""
515,"2020 Nov 12","15:38:46",mmHg,"5,0","LX100:36.36.02 S0465",36,36,"63,26","249,13","1740,32","1467,77","33,8","13,36","19,05",""
516,"2020 Nov 12","15:38:46",mmHg,"5,0","LX100:36.36.02 S0465",36,36,"63,28","250,12","1738,71","1466,9","33,8","13,36","19,05",""
517,"2020 Nov 12","15:38:46",mmHg,"5,0","LX100:36.36.02 S0465",36,36,"63,3","249,67","1740,32","1468,75","33,86","13,35","19,06",""
518,"2020 Nov 12","15:38:46",mmHg,"5,0","LX100:36.36.02 S0465",36,36,"63,33","250,6","1740,32","1469,43","33,9","13,35","19,05",""
519,"2020 Nov 12","15:38:46",mmHg,"5,0","LX100:36.36.02 S0465",36,36,"63,37","250,12","1740,32","1470,28","33,88","13,36","19,05",""
520,"2020 Nov 12","15:38:46",mmHg,"5,0","LX100:36.36.02 S0465",36,36,"63,42","249,75","1740,32","1471,48","33,86","13,37","19,06",""
521,"2020 Nov 12","15:38:46",mmHg,"5,0","LX100:36.36.02 S0465",36,36,"63,39","250,08","1740,32","1470,78","33,84","13,37","19,05",""
522,"2020 Nov 12","15:38:46",mmHg,"5,0","LX100:36.36.02 S0465",36,36,"63,38","249,79","1738,71","1469,25","33,76","13,37","19,05",""
523,"2020 Nov 12","15:38:46",mmHg,"5,0","LX100:36.36.02 S0465",36,36,"63,27","248,85","1740,32","1468,08","33,76","13,37","19,05",""
524,"2020 Nov 12","15:38:46",mmHg,"5,0","LX100:36.36.02 S0465",36,36,"63,31","249,25","1738,71","1467,59","33,73","13,36","19,06",""
525,"2020 Nov 12","15:38:46",mmHg,"5,0","LX100:36.36.02 S0465",36,36,"63,28","249,13","1740,32","1468,33","33,8","13,36","19,06",""
526,"2020 Nov 12","15:38:46",mmHg,"5,0","LX100:36.36.02 S0465",36,36,"63,28","249,83","1740,32","1468,13","33,84","13,35","19,06",""
527,"2020 Nov 12","15:38:46",mmHg,"5,0","LX100:36.36.02 S0465",36,36,"63,24","249,32","1740,32","1467,37","33,8","13,36","19,05",""
528,"2020 Nov 12","15:38:46",mmHg,"5,0","LX100:36.36.02 S0465",36,36,"63,25","250,29","1740,32","1467,63","33,82","13,36","19,05",""
529,"2020 Nov 12","15:38:46",mmHg,"5,0","LX100:36.36.02 S0465",36,36,"63,28","249,77","1740,32","1468,31","33,8","13,36","19,05",""
530,"2020 Nov 12","15:38:46",mmHg,"5,0","LX100:36.36.02 S0465",36,36,"63,26","250,34","1740,32","1467,81","33,78","13,36","19,05",""
531,"2020 Nov 12","15:38:46",mmHg,"5,0","LX100:36.36.02 S0465",36,36,"63,25","249,47","1740,32","1467,65","33,77","13,36","19,05",""
532,"2020 Nov 12","15:38:46",mmHg,"5,0","LX100:36.36.02 S0465",36,36,"63,29","250,32","1740,32","1468,46","33,81","13,36","19,05",""
533,"2020 Nov 12","15:38:46",mmHg,"5,0","LX100:36.36.02 S0465",36,36,"63,24","249,61","1740,32","1467,34","33,79","13,36","19,05",""
534,"2020 Nov 12","15:38:46",mmHg,"5,0","LX100:36.36.02 S0465",36,36,"63,31","250,45","1738,71","1467,54","33,79","13,36","19,06",""
535,"2020 Nov 12","15:38:46",mmHg,"5,0","LX100:36.36.02 S0465",36,36,"63,28","249,72","1740,32","1468,21","33,85","13,36","19,05",""
536,"2020 Nov 12","15:38:46",mmHg,"5,0","LX100:36.36.02 S0465",36,36,"63,33","250,8","1738,71","1468,06","33,85","13,35","19,05",""
537,"2020 Nov 12","15:38:46",mmHg,"5,0","LX100:36.36.02 S0465",36,36,"63,32","250,09","1740,32","1469,1","33,87","13,36","19,05",""
538,"2020 Nov 12","15:38:46",mmHg,"5,0","LX100:36.36.02 S0465",36,36,"63,36","250,14","1740,32","1470,09","33,87","13,36","19,05",""
539,"2020 Nov 12","15:38:46",mmHg,"5,0","LX100:36.36.02 S0465",36,36,"63,29","249,9","1740,32","1468,43","33,81","13,36","19,05",""
540,"2020 Nov 12","15:38:46",mmHg,"5,0","LX100:36.36.02 S0465",36,36,"63,4","250,82","1740,32","1470,93","33,85","13,37","19,06",""
541,"2020 Nov 12","15:38:46",mmHg,"5,0","LX100:36.36.02 S0465",36,36,"63,4","250,64","1740,32","1471,04","33,85","13,37","19,05",""
542,"2020 Nov 12","15:38:46",mmHg,"5,0","LX100:36.36.02 S0465",36,36,"63,36","250,12","1740,32","1470,17","33,84","13,36","19,05",""
543,"2020 Nov 12","15:38:46",mmHg,"5,0","LX100:36.36.02 S0465",36,36,"63,32","250,36","1740,32","1469,24","33,89","13,35","19,06",""
544,"2020 Nov 12","15:38:46",mmHg,"5,0","LX100:36.36.02 S0465",36,36,"63,34","250,6","1740,32","1469,54","33,89","13,36","19,06",""
545,"2020 Nov 12","15:38:46",mmHg,"5,0","LX100:36.36.02 S0465",36,36,"63,34","250,35","1740,32","1469,58","33,87","13,36","19,06",""
546,"2020 Nov 12","15:38:46",mmHg,"5,0","LX100:36.36.02 S0465",36,36,"63,34","250,51","1740,32","1469,66","33,85","13,36","19,05",""
547,"2020 Nov 12","15:38:47",mmHg,"5,0","LX100:36.36.02 S0465",36,36,"63,32","250,41","1740,32","1469,2","33,85","13,36","19,06",""
548,"2020 Nov 12","15:38:47",mmHg,"5,0","LX100:36.36.02 S0465",36,36,"63,33","250,78","1740,32","1469,3","33,84","13,36","19,06",""
549,"2020 Nov 12","15:38:47",mmHg,"5,0","LX100:36.36.02 S0465",36,36,"63,36","250,38","1740,32","1470,1","33,85","13,36","19,05",""
550,"2020 Nov 12","15:38:47",mmHg,"5,0","LX100:36.36.02 S0465",36,36,"63,3","250,55","1740,32","1468,67","33,83","13,36","19,05",""
551,"2020 Nov 12","15:38:47",mmHg,"5,0","LX100:36.36.02 S0465",36,36,"63,26","250,02","1740,32","1467,74","33,82","13,36","19,05",""
552,"2020 Nov 12","15:38:47",mmHg,"5,0","LX100:36.36.02 S0465",36,36,"63,35","250,92","1738,71","1468,58","33,82","13,36","19,06",""
553,"2020 Nov 12","15:38:47",mmHg,"5,0","LX100:36.36.02 S0465",36,36,"63,33","251,14","1740,32","1469,42","33,88","13,36","19,05",""
554,"2020 Nov 12","15:38:47",mmHg,"5,0","LX100:36.36.02 S0465",36,36,"63,19","250,6","1740,32","1466,13","33,8","13,36","19,06",""
555,"2020 Nov 12","15:38:47",mmHg,"5,0","LX100:36.36.02 S0465",36,36,"63,26","250,29","1740,32","1467,71","33,83","13,36","19,05",""
556,"2020 Nov 12","15:38:47",mmHg,"5,0","LX100:36.36.02 S0465",36,36,"63,2","250,77","1740,32","1466,29","33,81","13,36","19,05",""
557,"2020 Nov 12","15:38:47",mmHg,"5,0","LX100:36.36.02 S0465",36,36,"63,21","250,57","1740,32","1466,67","33,82","13,36","19,06",""
558,"2020 Nov 12","15:38:47",mmHg,"5,0","LX100:36.36.02 S0465",36,36,"63,23","249,81","1740,32","1467,11","33,83","13,36","19,06",""
559,"2020 Nov 12","15:38:47",mmHg,"5,0","LX100:36.36.02 S0465",36,36,"63,36","250,54","1738,71","1468,62","33,84","13,36","19,06",""
560,"2020 Nov 12","15:38:47",mmHg,"5,0","LX100:36.36.02 S0465",36,36,"63,34","250,54","1740,32","1469,65","33,87","13,36","19,05",""
561,"2020 Nov 12","15:38:47",mmHg,"5,0","LX100:36.36.02 S0465",36,36,"63,28","250,05","1740,32","1468,18","33,84","13,36","19,05",""
562,"2020 Nov 12","15:38:47",mmHg,"5,0","LX100:36.36.02 S0465",36,36,"63,3","250,45","1740,32","1468,8","33,86","13,36","19,05",""
563,"2020 Nov 12","15:38:47",mmHg,"5,0","LX100:36.36.02 S0465",36,36,"63,3","250,59","1740,32","1468,71","33,85","13,36","19,05",""
564,"2020 Nov 12","15:38:47",mmHg,"5,0","LX100:36.36.02 S0465",36,36,"63,36","250,54","1740,32","1470,08","33,85","13,36","19,06",""
565,"2020 Nov 12","15:38:47",mmHg,"5,0","LX100:36.36.02 S0465",36,36,"63,32","250,13","1740,32","1469,27","33,85","13,36","19,05",""
566,"2020 Nov 12","15:38:47",mmHg,"5,0","LX100:36.36.02 S0465",36,36,"63,36","250,82","1738,71","1468,8","33,85","13,36","19,06",""
567,"2020 Nov 12","15:38:47",mmHg,"5,0","LX100:36.36.02 S0465",36,36,"63,38","250,2","1740,32","1470,54","33,9","13,36","19,06",""
568,"2020 Nov 12","15:38:47",mmHg,"5,0","LX100:36.36.02 S0465",36,36,"63,29","250,5","1740,32","1468,37","33,86","13,36","19,06",""
569,"2020 Nov 12","15:38:47",mmHg,"5,0","LX100:36.36.02 S0465",36,36,"63,32","250,67","1738,71","1467,79","33,82","13,36","19,06",""
570,"2020 Nov 12","15:38:47",mmHg,"5,0","LX100:36.36.02 S0465",36,36,"63,24","250,32","1740,32","1467,39","33,84","13,36","19,06",""
571,"2020 Nov 12","15:38:47",mmHg,"5,0","LX100:36.36.02 S0465",36,36,"63,29","250,44","1740,32","1468,54","33,85","13,36","19,06",""
572,"2020 Nov 12","15:38:47",mmHg,"5,0","LX100:36.36.02 S0465",36,36,"63,26","250,0","1740,32","1467,86","33,84","13,36","19,05",""
573,"2020 Nov 12","15:38:47",mmHg,"5,0","LX100:36.36.02 S0465",36,36,"63,31","250,14","1740,32","1468,89","33,87","13,36","19,05",""
574,"2020 Nov 12","15:38:47",mmHg,"5,0","LX100:36.36.02 S0465",36,36,"63,36","250,76","1740,32","1470,17","33,91","13,36","19,06",""
575,"2020 Nov 12","15:38:47",mmHg,"5,0","LX100:36.36.02 S0465",36,36,"63,34","250,09","1740,32","1469,54","33,88","13,36","19,05",""
576,"2020 Nov 12","15:38:47",mmHg,"5,0","LX100:36.36.02 S0465",36,36,"63,27","250,53","1740,32","1468,08","33,85","13,36","19,06",""
577,"2020 Nov 12","15:38:47",mmHg,"5,0","LX100:36.36.02 S0465",36,36,"63,32","250,27","1740,32","1469,18","33,88","13,36","19,06",""
578,"2020 Nov 12","15:38:47",mmHg,"5,0","LX100:36.36.02 S0465",36,36,"63,35","250,05","1740,32","1469,86","33,87","13,36","19,05",""
579,"2020 Nov 12","15:38:47",mmHg,"5,0","LX100:36.36.02 S0465",36,36,"63,38","250,46","1738,71","1469,09","33,85","13,36","19,06",""
580,"2020 Nov 12","15:38:47",mmHg,"5,0","LX100:36.36.02 S0465",36,36,"63,35","249,86","1740,32","1469,8","33,87","13,36","19,05",""
581,"2020 Nov 12","15:38:47",mmHg,"5,0","LX100:36.36.02 S0465",36,36,"63,29","250,09","1740,32","1468,42","33,85","13,36","19,06",""
582,"2020 Nov 12","15:38:47",mmHg,"5,0","LX100:36.36.02 S0465",36,36,"63,33","250,21","1740,32","1469,37","33,87","13,36","19,06",""
583,"2020 Nov 12","15:38:47",mmHg,"5,0","LX100:36.36.02 S0465",36,36,"63,32","249,66","1740,32","1469,1","33,87","13,36","19,06",""
584,"2020 Nov 12","15:38:47",mmHg,"5,0","LX100:36.36.02 S0465",36,36,"63,31","249,91","1740,32","1468,96","33,87","13,36","19,06",""
585,"2020 Nov 12","15:38:47",mmHg,"5,0","LX100:36.36.02 S0465",36,36,"63,3","250,18","1740,32","1468,7","33,87","13,36","19,06",""
586,"2020 Nov 12","15:38:47",mmHg,"5,0","LX100:36.36.02 S0465",36,36,"63,31","249,73","1740,32","1469,03","33,86","13,36","19,06",""
587,"2020 Nov 12","15:38:47",mmHg,"5,0","LX100:36.36.02 S0465",36,36,"63,34","249,64","1740,32","1469,66","33,87","13,36","19,06",""
588,"2020 Nov 12","15:38:47",mmHg,"5,0","LX100:36.36.02 S0465",36,36,"63,38","250,23","1740,32","1470,51","33,89","13,36","19,06",""
589,"2020 Nov 12","15:38:47",mmHg,"5,0","LX100:36.36.02 S0465",36,36,"63,34","249,91","1740,32","1469,57","33,89","13,36","19,05",""
590,"2020 Nov 12","15:38:47",mmHg,"5,0","LX100:36.36.02 S0465",36,36,"63,32","249,66","1740,32","1469,22","33,88","13,36","19,05",""
591,"2020 Nov 12","15:38:47",mmHg,"5,0","LX100:36.36.02 S0465",36,36,"63,32","250,12","1740,32","1469,14","33,89","13,36","19,05",""
592,"2020 Nov 12","15:38:47",mmHg,"5,0","LX100:36.36.02 S0465",36,36,"63,29","249,7","1740,32","1468,42","33,88","13,36","19,05",""
593,"2020 Nov 12","15:38:47",mmHg,"5,0","LX100:36.36.02 S0465",36,36,"63,28","249,45","1740,32","1468,2","33,87","13,36","19,05",""
594,"2020 Nov 12","15:38:47",mmHg,"5,0","LX100:36.36.02 S0465",36,36,"63,28","249,63","1740,32","1468,19","33,86","13,36","19,06",""
595,"2020 Nov 12","15:38:47",mmHg,"5,0","LX100:36.36.02 S0465",36,36,"63,33","249,62","1740,32","1469,41","33,89","13,36","19,05",""
596,"2020 Nov 12","15:38:47",mmHg,"5,0","LX100:36.36.02 S0465",36,36,"63,28","249,26","1740,32","1468,36","33,85","13,36","19,05",""
597,"2020 Nov 12","15:38:48",mmHg,"5,0","LX100:36.36.02 S0465",36,36,"63,42","249,73","1738,71","1470,11","33,88","13,36","19,06",""
598,"2020 Nov 12","15:38:48",mmHg,"5,0","LX100:36.36.02 S0465",36,36,"63,36","249,89","1740,32","1470,15","33,91","13,36","19,05",""
599,"2020 Nov 12","15:38:48",mmHg,"5,0","LX100:36.36.02 S0465",36,36,"63,33","249,66","1740,32","1469,35","33,89","13,36","19,06",""
600,"2020 Nov 12","15:38:48",mmHg,"5,0","LX100:36.36.02 S0465",36,36,"63,27","249,16","1740,32","1468,02","33,86","13,36","19,05",""
601,"2020 Nov 12","15:38:48",mmHg,"5,0","LX100:36.36.02 S0465",36,36,"63,35","249,68","1738,71","1468,57","33,85","13,36","19,06",""
602,"2020 Nov 12","15:38:48",mmHg,"5,0","LX100:36.36.02 S0465",36,36,"63,37","249,24","1740,32","1470,25","33,9","13,36","19,06",""
603,"2020 Nov 12","15:38:48",mmHg,"5,0","LX100:36.36.02 S0465",36,36,"63,33","249,58","1740,32","1469,31","33,88","13,36","19,05",""
604,"2020 Nov 12","15:38:48",mmHg,"5,0","LX100:36.36.02 S0465",36,36,"63,28","248,94","1740,32","1468,25","33,84","13,36","19,06",""
605,"2020 Nov 12","15:38:48",mmHg,"5,0","LX100:36.36.02 S0465",36,36,"63,32","249,01","1740,32","1469,27","33,88","13,36","19,06",""
606,"2020 Nov 12","15:38:48",mmHg,"5,0","LX100:36.36.02 S0465",36,36,"63,33","249,17","1740,32","1469,3","33,87","13,36","19,06",""
607,"2020 Nov 12","15:38:48",mmHg,"5,0","LX100:36.36.02 S0465",36,36,"63,31","248,98","1740,32","1469,05","33,86","13,36","19,05",""
608,"2020 Nov 12","15:38:48",mmHg,"5,0","LX100:36.36.02 S0465",36,36,"63,28","249,02","1740,32","1468,33","33,87","13,35","19,06",""
609,"2020 Nov 12","15:38:48",mmHg,"5,0","LX100:36.36.02 S0465",36,36,"63,33","248,87","1740,32","1469,31","33,88","13,36","19,06",""
610,"2020 Nov 12","15:38:48",mmHg,"5,0","LX100:36.36.02 S0465",36,36,"63,33","248,89","1740,32","1469,47","33,87","13,36","19,06",""
611,"2020 Nov 12","15:38:48",mmHg,"5,0","LX100:36.36.02 S0465",36,36,"63,34","248,85","1740,32","1469,61","33,88","13,36","19,06",""
612,"2020 Nov 12","15:38:48",mmHg,"5,0","LX100:36.36.02 S0465",36,36,"63,26","248,5","1740,32","1467,78","33,84","13,36","19,06",""
613,"2020 Nov 12","15:38:48",mmHg,"5,0","LX100:36.36.02 S0465",36,36,"63,19","248,45","1740,32","1466,15","33,78","13,36","19,07",""
614,"2020 Nov 12","15:38:48",mmHg,"5,0","LX100:36.36.02 S0465",36,36,"63,15","247,91","1740,32","1465,32","33,77","13,35","19,07",""
615,"2020 Nov 12","15:38:48",mmHg,"5,0","LX100:36.36.02 S0465",36,36,"63,2","248,18","1738,71","1465,13","33,76","13,35","19,07",""
616,"2020 Nov 12","15:38:48",mmHg,"5,0","LX100:36.36.02 S0465",36,36,"63,14","248,26","1738,71","1463,56","33,73","13,35","19,07",""
617,"2020 Nov 12","15:38:48",mmHg,"5,0","LX100:36.36.02 S0465",36,36,"63,09","248,12","1738,71","1462,47","33,73","13,35","19,07",""
618,"2020 Nov 12","15:38:48",mmHg,"5,0","LX100:36.36.02 S0465",36,36,"63,16","248,11","1740,32","1465,55","33,8","13,35","19,07",""
619,"2020 Nov 12","15:38:48",mmHg,"5,0","LX100:36.36.02 S0465",36,36,"63,16","248,04","1738,71","1464,13","33,71","13,35","19,07",""
620,"2020 Nov 12","15:38:48",mmHg,"5,0","LX100:36.36.02 S0465",36,36,"63,07","247,23","1740,32","1463,38","33,74","13,35","19,07",""
621,"2020 Nov 12","15:38:48",mmHg,"5,0","LX100:36.36.02 S0465",36,36,"63,05","247,27","1740,32","1462,97","33,76","13,35","19,08",""
622,"2020 Nov 12","15:38:48",mmHg,"5,0","LX100:36.36.02 S0465",36,36,"63,05","246,3","1740,32","1462,87","33,71","13,35","19,07",""
623,"2020 Nov 12","15:38:48",mmHg,"5,0","LX100:36.36.02 S0465",36,36,"63,13","247,45","1738,71","1463,35","33,67","13,35","19,08",""
624,"2020 Nov 12","15:38:48",mmHg,"5,0","LX100:36.36.02 S0465",36,36,"63,17","247,96","1740,32","1465,79","33,84","13,34","19,08",""
625,"2020 Nov 12","15:38:48",mmHg,"5,0","LX100:36.36.02 S0465",36,36,"63,16","247,15","1740,32","1465,39","33,86","13,34","19,08",""
626,"2020 Nov 12","15:38:48",mmHg,"5,0","LX100:36.36.02 S0465",36,36,"63,16","247,08","1740,32","1465,53","33,89","13,34","19,07",""
627,"2020 Nov 12","15:38:48",mmHg,"5,0","LX100:36.36.02 S0465",36,36,"63,06","246,29","1740,32","1463,18","33,71","13,35","19,07",""
628,"2020 Nov 12","15:38:48",mmHg,"5,0","LX100:36.36.02 S0465",36,36,"62,93","245,88","1740,32","1460,21","33,69","13,34","19,08",""
629,"2020 Nov 12","15:38:48",mmHg,"5,0","LX100:36.36.02 S0465",36,36,"62,94","246,16","1738,71","1459,07","33,64","13,34","19,08",""
630,"2020 Nov 12","15:38:48",mmHg,"5,0","LX100:36.36.02 S0465",36,36,"62,86","245,33","1740,32","1458,52","33,66","13,34","19,08",""
631,"2020 Nov 12","15:38:48",mmHg,"5,0","LX100:36.36.02 S0465",36,36,"62,82","245,49","1740,32","1457,66","33,63","13,34","19,08",""
632,"2020 Nov 12","15:38:48",mmHg,"5,0","LX100:36.36.02 S0465",36,36,"62,91","245,38","1740,32","1459,6","33,74","13,34","19,08",""
633,"2020 Nov 12","15:38:48",mmHg,"5,0","LX100:36.36.02 S0465",36,36,"62,79","244,92","1740,32","1456,94","33,71","13,33","19,07",""
634,"2020 Nov 12","15:38:48",mmHg,"5,0","LX100:36.36.02 S0465",36,36,"62,67","244,96","1738,71","1452,78","33,54","13,33","19,08",""
635,"2020 Nov 12","15:38:48",mmHg,"5,0","LX100:36.36.02 S0465",36,36,"62,62","243,93","1738,71","1451,53","33,56","13,32","19,09",""
636,"2020 Nov 12","15:38:48",mmHg,"5,0","LX100:36.36.02 S0465",36,36,"62,66","243,52","1738,71","1452,52","33,54","13,33","19,08",""
637,"2020 Nov 12","15:38:48",mmHg,"5,0","LX100:36.36.02 S0465",36,36,"62,72","244,63","1738,71","1453,97","33,55","13,33","19,08",""
638,"2020 Nov 12","15:38:48",mmHg,"5,0","LX100:36.36.02 S0465",36,36,"62,68","244,65","1738,71","1453,05","33,54","13,33","19,08",""
639,"2020 Nov 12","15:38:48",mmHg,"5,0","LX100:36.36.02 S0465",36,36,"62,75","244,65","1738,71","1454,64","33,6","13,33","19,08",""
640,"2020 Nov 12","15:38:48",mmHg,"5,0","LX100:36.36.02 S0465",36,36,"62,78","244,09","1738,71","1455,35","33,62","13,33","19,08",""
641,"2020 Nov 12","15:38:48",mmHg,"5,0","LX100:36.36.02 S0465",36,36,"62,83","244,64","1738,71","1456,5","33,66","13,33","19,08",""
642,"2020 Nov 12","15:38:48",mmHg,"5,0","LX100:36.36.02 S0465",36,36,"62,86","244,28","1740,32","1458,51","33,71","13,33","19,09",""
643,"2020 Nov 12","15:38:48",mmHg,"5,0","LX100:36.36.02 S0465",36,36,"62,76","244,2","1740,32","1456,13","33,67","13,33","19,08",""
644,"2020 Nov 12","15:38:48",mmHg,"5,0","LX100:36.36.02 S0465",36,36,"62,79","243,27","1740,32","1456,88","33,62","13,33","19,08",""
645,"2020 Nov 12","15:38:48",mmHg,"5,0","LX100:36.36.02 S0465",36,36,"62,78","243,6","1738,71","1455,2","33,53","13,33","19,08",""
646,"2020 Nov 12","15:38:48",mmHg,"5,0","LX100:36.36.02 S0465",36,36,"62,54","242,44","1740,32","1451,1","33,55","13,33","19,08",""
647,"2020 Nov 12","15:38:49",mmHg,"5,0","LX100:36.36.02 S0465",36,36,"62,55","242,8","1737,1","1448,58","33,49","13,32","19,09",""
648,"2020 Nov 12","15:38:49",mmHg,"5,0","LX100:36.36.02 S0465",36,36,"62,4","242,29","1740,32","1447,85","33,53","13,31","19,09",""
649,"2020 Nov 12","15:38:49",mmHg,"5,0","LX100:36.36.02 S0465",36,36,"62,39","242,04","1738,71","1446,14","33,47","13,31","19,09",""
650,"2020 Nov 12","15:38:49",mmHg,"5,0","LX100:36.36.02 S0465",36,36,"62,32","242,18","1738,71","1444,7","33,43","13,31","19,10",""
651,"2020 Nov 12","15:38:49",mmHg,"5,0","LX100:36.36.02 S0465",36,36,"62,33","241,59","1740,32","1446,31","33,49","13,31","19,09",""
652,"2020 Nov 12","15:38:49",mmHg,"5,0","LX100:36.36.02 S0465",36,36,"62,35","241,85","1738,71","1445,3","33,38","13,32","19,09",""
653,"2020 Nov 12","15:38:49",mmHg,"5,0","LX100:36.36.02 S0465",36,36,"62,27","240,67","1740,32","1444,92","33,38","13,32","19,09",""
654,"2020 Nov 12","15:38:49",mmHg,"5,0","LX100:36.36.02 S0465",36,36,"62,32","241,24","1738,71","1444,68","33,35","13,32","19,09",""
655,"2020 Nov 12","15:38:49",mmHg,"5,0","LX100:36.36.02 S0465",36,36,"62,34","241,54","1738,71","1445,01","33,4","13,32","19,09",""
656,"2020 Nov 12","15:38:49",mmHg,"5,0","LX100:36.36.02 S0465",36,36,"62,32","240,87","1738,71","1444,55","33,4","13,32","19,09",""
657,"2020 Nov 12","15:38:49",mmHg,"5,0","LX100:36.36.02 S0465",36,36,"62,36","240,88","1735,48","1442,88","33,34","13,31","19,10",""
658,"2020 Nov 12","15:38:49",mmHg,"5,0","LX100:36.36.02 S0465",36,36,"62,19","240,95","1740,32","1442,85","33,49","13,30","19,09",""
659,"2020 Nov 12","15:38:49",mmHg,"5,0","LX100:36.36.02 S0465",36,36,"62,2","240,8","1740,32","1443,27","33,56","13,29","19,10",""
660,"2020 Nov 12","15:38:49",mmHg,"5,0","LX100:36.36.02 S0465",36,36,"62,39","240,99","1737,1","1444,92","33,48","13,30","19,10",""
661,"2020 Nov 12","15:38:49",mmHg,"5,0","LX100:36.36.02 S0465",36,36,"62,37","240,69","1738,71","1445,85","33,46","13,31","19,10",""
662,"2020 Nov 12","15:38:49",mmHg,"5,0","LX100:36.36.02 S0465",36,36,"62,41","240,89","1738,71","1446,69","33,47","13,31","19,09",""
663,"2020 Nov 12","15:38:49",mmHg,"5,0","LX100:36.36.02 S0465",36,36,"62,47","241,06","1737,1","1446,73","33,45","13,32","19,09",""
664,"2020 Nov 12","15:38:49",mmHg,"5,0","LX100:36.36.02 S0465",36,36,"62,44","241,58","1740,32","1448,86","33,56","13,32","19,08",""
665,"2020 Nov 12","15:38:49",mmHg,"5,0","LX100:36.36.02 S0465",36,36,"62,56","242,61","1738,71","1450,25","33,55","13,32","19,08",""
666,"2020 Nov 12","15:38:49",mmHg,"5,0","LX100:36.36.02 S0465",36,36,"62,47","242,25","1740,32","1449,46","33,57","13,31","19,07",""
667,"2020 Nov 12","15:38:49",mmHg,"5,0","LX100:36.36.02 S0465",36,36,"62,38","242,43","1738,71","1445,99","33,53","13,31","19,06",""
668,"2020 Nov 12","15:38:49",mmHg,"5,0","LX100:36.36.02 S0465",36,36,"62,3","241,68","1737,1","1442,87","33,38","13,31","19,06",""
669,"2020 Nov 12","15:38:49",mmHg,"5,0","LX100:36.36.02 S0465",36,36,"62,33","241,95","1735,48","1442,11","33,37","13,31","19,06",""
670,"2020 Nov 12","15:38:49",mmHg,"5,0","LX100:36.36.02 S0465",36,36,"62,17","241,32","1740,32","1442,55","33,45","13,31","19,06",""
671,"2020 Nov 12","15:38:49",mmHg,"5,0","LX100:36.36.02 S0465",36,36,"62,2","241,5","1737,1","1440,47","33,4","13,30","19,07",""
672,"2020 Nov 12","15:38:49",mmHg,"5,0","LX100:36.36.02 S0465",36,36,"62,24","242,07","1737,1","1441,51","33,47","13,30","19,06",""
673,"2020 Nov 12","15:38:49",mmHg,"5,0","LX100:36.36.02 S0465",36,36,"62,25","242,02","1738,71","1443,07","33,55","13,29","19,06",""
674,"2020 Nov 12","15:38:49",mmHg,"5,0","LX100:36.36.02 S0465",36,36,"62,43","242,39","1737,1","1445,94","33,6","13,30","19,06",""
675,"2020 Nov 12","15:38:49",mmHg,"5,0","LX100:36.36.02 S0465",36,36,"62,55","242,29","1740,32","1451,36","33,65","13,32","19,05",""
676,"2020 Nov 12","15:38:49",mmHg,"5,0","LX100:36.36.02 S0465",36,36,"62,62","242,94","1738,71","1451,67","33,64","13,31","19,05",""
677,"2020 Nov 12","15:38:49",mmHg,"5,0","LX100:36.36.02 S0465",36,36,"62,58","243,33","1738,71","1450,75","33,6","13,31","19,06",""
678,"2020 Nov 12","15:38:49",mmHg,"5,0","LX100:36.36.02 S0465",36,36,"62,52","242,39","1738,71","1449,29","33,55","13,31","19,07",""
679,"2020 Nov 12","15:38:49",mmHg,"5,0","LX100:36.36.02 S0465",36,36,"62,54","241,82","1738,71","1449,69","33,59","13,31","19,08",""
680,"2020 Nov 12","15:38:49",mmHg,"5,0","LX100:36.36.02 S0465",36,36,"62,48","240,92","1738,71","1448,24","33,58","13,31","19,07",""
681,"2020 Nov 12","15:38:49",mmHg,"5,0","LX100:36.36.02 S0465",36,36,"62,39","240,75","1738,71","1446,24","33,52","13,30","19,08",""
682,"2020 Nov 12","15:38:49",mmHg,"5,0","LX100:36.36.02 S0465",36,36,"62,35","240,7","1737,1","1444,04","33,52","13,29","19,11",""
683,"2020 Nov 12","15:38:49",mmHg,"5,0","LX100:36.36.02 S0465",36,36,"62,52","241,37","1737,1","1447,97","33,69","13,29","19,10",""
684,"2020 Nov 12","15:38:49",mmHg,"5,0","LX100:36.36.02 S0465",36,36,"62,49","241,77","1740,32","1449,94","33,76","13,29","19,09",""
685,"2020 Nov 12","15:38:49",mmHg,"5,0","LX100:36.36.02 S0465",36,36,"62,5","240,54","1738,71","1448,84","33,59","13,31","19,09",""
686,"2020 Nov 12","15:38:49",mmHg,"5,0","LX100:36.36.02 S0465",36,36,"62,69","241,07","1738,71","1453,3","33,51","13,33","19,10",""
687,"2020 Nov 12","15:38:49",mmHg,"5,0","LX100:36.36.02 S0465",36,36,"62,71","240,89","1738,71","1453,66","33,48","13,33","19,09",""
688,"2020 Nov 12","15:38:49",mmHg,"5,0","LX100:36.36.02 S0465",36,36,"62,7","240,45","1737,1","1452,15","33,44","13,33","19,09",""
689,"2020 Nov 12","15:38:49",mmHg,"5,0","LX100:36.36.02 S0465",36,36,"62,6","239,75","1738,71","1451,03","33,49","13,32","19,09",""
690,"2020 Nov 12","15:38:49",mmHg,"5,0","LX100:36.36.02 S0465",36,36,"62,58","240,08","1737,1","1449,41","33,73","13,29","19,13",""
691,"2020 Nov 12","15:38:49",mmHg,"5,0","LX100:36.36.02 S0465",36,36,"62,8","242,16","1740,32","1457,01","33,95","13,29","19,12",""
692,"2020 Nov 12","15:38:49",mmHg,"5,0","LX100:36.36.02 S0465",36,36,"63,11","244,03","1738,71","1463,05","33,99","13,31","19,12",""
693,"2020 Nov 12","15:38:49",mmHg,"5,0","LX100:36.36.02 S0465",36,36,"63,35","244,48","1740,32","1469,76","33,98","13,34","19,10",""
694,"2020 Nov 12","15:38:49",mmHg,"5,0","LX100:36.36.02 S0465",36,36,"63,35","243,34","1741,94","1471,23","33,95","13,35","19,10",""
695,"2020 Nov 12","15:38:49",mmHg,"5,0","LX100:36.36.02 S0465",36,36,"63,46","243,18","1738,71","1470,96","33,84","13,36","19,09",""
696,"2020 Nov 12","15:38:49",mmHg,"5,0","LX100:36.36.02 S0465",36,36,"63,27","242,55","1740,32","1467,92","33,76","13,36","19,08",""
697,"2020 Nov 12","15:38:50",mmHg,"5,0","LX100:36.36.02 S0465",36,36,"62,98","241,07","1740,32","1461,23","33,66","13,34","19,09",""
698,"2020 Nov 12","15:38:50",mmHg,"5,0","LX100:36.36.02 S0465",36,36,"62,72","240,32","1738,71","1454,01","33,72","13,30","19,08",""
699,"2020 Nov 12","15:38:50",mmHg,"5,0","LX100:36.36.02 S0465",36,36,"62,31","238,3","1740,32","1445,67","33,7","13,27","19,12",""
700,"2020 Nov 12","15:38:50",mmHg,"5,0","LX100:36.36.02 S0465",36,36,"62,37","239,14","1737,1","1444,37","33,58","13,28","19,12",""
701,"2020 Nov 12","15:38:50",mmHg,"5,0","LX100:36.36.02 S0465",36,36,"62,37","240,57","1738,71","1445,75","33,54","13,29","19,12",""
702,"2020 Nov 12","15:38:50",mmHg,"5,0","LX100:36.36.02 S0465",36,36,"62,44","240,18","1738,71","1447,43","33,48","13,30","19,12",""
703,"2020 Nov 12","15:38:50",mmHg,"5,0","LX100:36.36.02 S0465",36,36,"62,56","240,08","1738,71","1450,18","33,47","13,32","19,12",""
704,"2020 Nov 12","15:38:50",mmHg,"5,0","LX100:36.36.02 S0465",36,36,"62,66","240,25","1740,32","1453,76","33,57","13,33","19,11",""
705,"2020 Nov 12","15:38:50",mmHg,"5,0","LX100:36.36.02 S0465",36,36,"62,8","240,93","1738,71","1455,74","33,63","13,32","19,10",""
706,"2020 Nov 12","15:38:50",mmHg,"5,0","LX100:36.36.02 S0465",36,36,"62,87","242,39","1740,32","1458,67","33,81","13,31","19,11",""
707,"2020 Nov 12","15:38:50",mmHg,"5,0","LX100:36.36.02 S0465",36,36,"63,04","242,88","1740,32","1462,57","33,99","13,31","19,09",""
708,"2020 Nov 12","15:38:50",mmHg,"5,0","LX100:36.36.02 S0465",36,36,"63,1","243,65","1738,71","1462,82","33,89","13,32","19,08",""
709,"2020 Nov 12","15:38:50",mmHg,"5,0","LX100:36.36.02 S0465",36,36,"63,15","244,2","1738,71","1463,97","33,96","13,32","19,08",""
710,"2020 Nov 12","15:38:50",mmHg,"5,0","LX100:36.36.02 S0465",36,36,"62,95","243,86","1740,32","1460,56","33,89","13,31","19,06",""
711,"2020 Nov 12","15:38:50",mmHg,"5,0","LX100:36.36.02 S0465",36,36,"62,85","243,29","1740,32","1458,22","33,79","13,32","19,06",""
712,"2020 Nov 12","15:38:50",mmHg,"5,0","LX100:36.36.02 S0465",36,36,"62,82","242,54","1738,71","1456,13","33,72","13,32","19,06",""
713,"2020 Nov 12","15:38:50",mmHg,"5,0","LX100:36.36.02 S0465",36,36,"62,75","243,16","1738,71","1454,65","33,68","13,32","19,06",""
714,"2020 Nov 12","15:38:50",mmHg,"5,0","LX100:36.36.02 S0465",36,36,"62,92","244,61","1738,71","1458,55","33,71","13,33","19,04",""
715,"2020 Nov 12","15:38:50",mmHg,"5,0","LX100:36.36.02 S0465",36,36,"62,94","245,81","1738,71","1459,02","33,76","13,33","19,03",""
716,"2020 Nov 12","15:38:50",mmHg,"5,0","LX100:36.36.02 S0465",36,36,"63,01","246,35","1738,71","1460,72","33,79","13,33","19,03",""
717,"2020 Nov 12","15:38:50",mmHg,"5,0","LX100:36.36.02 S0465",36,36,"63,09","246,45","1738,71","1462,5","33,87","13,33","19,02",""
718,"2020 Nov 12","15:38:50",mmHg,"5,0","LX100:36.36.02 S0465",36,36,"62,85","245,78","1740,32","1458,27","33,75","13,33","19,00",""
719,"2020 Nov 12","15:38:50",mmHg,"5,0","LX100:36.36.02 S0465",36,36,"62,76","245,26","1740,32","1456,2","33,68","13,33","19,00",""
720,"2020 Nov 12","15:38:50",mmHg,"5,0","LX100:36.36.02 S0465",36,36,"62,68","244,09","1738,71","1452,99","33,65","13,32","19,02",""
721,"2020 Nov 12","15:38:50",mmHg,"5,0","LX100:36.36.02 S0465",36,36,"62,65","244,58","1740,32","1453,56","33,78","13,31","19,03",""
722,"2020 Nov 12","15:38:50",mmHg,"5,0","LX100:36.36.02 S0465",36,36,"63,61","249,3","1741,94","1477,36","34,45","13,32","19,07",""
723,"2020 Nov 12","15:38:50",mmHg,"5,0","LX100:36.36.02 S0465",36,36,"63,62","248,41","1743,55","1478,81","34,37","13,33","19,07",""
724,"2020 Nov 12","15:38:50",mmHg,"5,0","LX100:36.36.02 S0465",36,36,"63,56","246,71","1743,55","1477,42","34,13","13,35","19,07",""
725,"2020 Nov 12","15:38:50",mmHg,"5,0","LX100:36.36.02 S0465",36,36,"63,5","244,53","1740,32","1473,42","33,76","13,38","19,05",""
726,"2020 Nov 12","15:38:50",mmHg,"5,0","LX100:36.36.02 S0465",36,36,"63,38","243,99","1740,32","1470,62","33,62","13,39","19,04",""
727,"2020 Nov 12","15:38:50",mmHg,"5,0","LX100:36.36.02 S0465",36,36,"63,32","243,21","1738,71","1467,76","33,52","13,39","19,04",""
728,"2020 Nov 12","15:38:50",mmHg,"5,0","LX100:36.36.02 S0465",36,36,"63,13","244,07","1740,32","1464,84","33,55","13,38","19,04",""
729,"2020 Nov 12","15:38:50",mmHg,"5,0","LX100:36.36.02 S0465",36,36,"62,46","243,95","1738,71","1447,92","33,73","13,29","19,01",""
730,"2020 Nov 12","15:38:50",mmHg,"5,0","LX100:36.36.02 S0465",36,36,"62,18","243,44","1735,48","1438,63","33,85","13,23","19,07",""
731,"2020 Nov 12","15:38:50",mmHg,"5,0","LX100:36.36.02 S0465",36,36,"62,14","244,05","1738,71","1440,35","34,04","13,22","19,08",""
732,"2020 Nov 12","15:38:50",mmHg,"5,0","LX100:36.36.02 S0465",36,36,"62,38","244,66","1738,71","1446,12","33,9","13,26","19,08",""
733,"2020 Nov 12","15:38:50",mmHg,"5,0","LX100:36.36.02 S0465",36,36,"62,56","244,39","1737,1","1448,8","33,62","13,30","19,06",""
734,"2020 Nov 12","15:38:50",mmHg,"5,0","LX100:36.36.02 S0465",36,36,"62,78","244,3","1738,71","1455,29","33,49","13,35","19,05",""
735,"2020 Nov 12","15:38:50",mmHg,"5,0","LX100:36.36.02 S0465",36,36,"62,98","243,87","1740,32","1461,38","33,39","13,39","19,04",""
736,"2020 Nov 12","15:38:50",mmHg,"5,0","LX100:36.36.02 S0465",36,36,"63,18","244,95","1741,94","1467,36","33,45","13,41","19,02",""
737,"2020 Nov 12","15:38:50",mmHg,"5,0","LX100:36.36.02 S0465",36,36,"63,12","245,93","1743,55","1467,21","33,92","13,35","19,00",""
738,"2020 Nov 12","15:38:50",mmHg,"5,0","LX100:36.36.02 S0465",36,36,"62,95","249,26","1740,32","1460,56","34,29","13,27","19,04",""
739,"2020 Nov 12","15:38:50",mmHg,"5,0","LX100:36.36.02 S0465",36,36,"62,91","249,17","1740,32","1459,71","34,34","13,26","19,05",""
740,"2020 Nov 12","15:38:50",mmHg,"5,0","LX100:36.36.02 S0465",36,36,"62,97","248,59","1740,32","1461,07","34,3","13,27","19,05",""
741,"2020 Nov 12","15:38:50",mmHg,"5,0","LX100:36.36.02 S0465",36,36,"63,04","249,24","1740,32","1462,61","34,2","13,29","19,05",""
742,"2020 Nov 12","15:38:50",mmHg,"5,0","LX100:36.36.02 S0465",36,36,"63,15","247,47","1740,32","1465,22","33,85","13,34","19,04",""
743,"2020 Nov 12","15:38:50",mmHg,"5,0","LX100:36.36.02 S0465",36,36,"63,04","245,56","1740,32","1462,75","33,63","13,36","19,03",""
744,"2020 Nov 12","15:38:50",mmHg,"5,0","LX100:36.36.02 S0465",36,36,"62,99","244,76","1738,71","1460,2","33,51","13,36","19,05",""
745,"2020 Nov 12","15:38:50",mmHg,"5,0","LX100:36.36.02 S0465",36,36,"63,11","245,14","1737,1","1461,65","33,64","13,35","19,07",""
746,"2020 Nov 12","15:38:50",mmHg,"5,0","LX100:36.36.02 S0465",36,36,"63,45","248,25","1740,32","1472,23","34,11","13,33","19,08",""
747,"2020 Nov 12","15:38:51",mmHg,"5,0","LX100:36.36.02 S0465",36,36,"63,58","249,33","1740,32","1475,19","34,16","13,34","19,06",""
748,"2020 Nov 12","15:38:51",mmHg,"5,0","LX100:36.36.02 S0465",36,36,"63,56","249,17","1738,71","1473,39","34,09","13,34","19,06",""
749,"2020 Nov 12","15:38:51",mmHg,"5,0","LX100:36.36.02 S0465",36,36,"63,49","249,49","1740,32","1473,15","34,1","13,34","19,06",""
750,"2020 Nov 12","15:38:51",mmHg,"5,0","LX100:36.36.02 S0465",36,36,"63,18","247,37","1738,71","1464,64","33,99","13,31","19,06",""
751,"2020 Nov 12","15:38:51",mmHg,"5,0","LX100:36.36.02 S0465",36,36,"63,0","246,16","1740,32","1461,84","33,98","13,31","19,07",""
752,"2020 Nov 12","15:38:51",mmHg,"5,0","LX100:36.36.02 S0465",36,36,"63,03","246,03","1737,1","1459,66","33,96","13,29","19,09",""
753,"2020 Nov 12","15:38:51",mmHg,"5,0","LX100:36.36.02 S0465",36,36,"62,8","244,73","1740,32","1457,09","33,89","13,29","19,09",""
754,"2020 Nov 12","15:38:51",mmHg,"5,0","LX100:36.36.02 S0465",36,36,"62,8","241,87","1737,1","1454,47","33,44","13,34","19,11",""
755,"2020 Nov 12","15:38:51",mmHg,"5,0","LX100:36.36.02 S0465",36,36,"62,82","241,55","1737,1","1454,76","33,46","13,34","19,10",""
756,"2020 Nov 12","15:38:51",mmHg,"5,0","LX100:36.36.02 S0465",36,36,"62,88","242,59","1738,71","1457,69","33,56","13,34","19,09",""
757,"2020 Nov 12","15:38:51",mmHg,"5,0","LX100:36.36.02 S0465",36,36,"63,05","245,24","1738,71","1461,64","33,76","13,33","19,09",""
758,"2020 Nov 12","15:38:51",mmHg,"5,0","LX100:36.36.02 S0465",36,36,"63,12","246,12","1740,32","1464,6","33,95","13,32","19,08",""
759,"2020 Nov 12","15:38:51",mmHg,"5,0","LX100:36.36.02 S0465",36,36,"63,25","247,25","1738,71","1466,3","34,02","13,31","19,08",""
760,"2020 Nov 12","15:38:51",mmHg,"5,0","LX100:36.36.02 S0465",36,36,"63,62","248,87","1738,71","1474,82","34,14","13,33","19,10",""
761,"2020 Nov 12","15:38:51",mmHg,"5,0","LX100:36.36.02 S0465",36,36,"63,69","246,93","1738,71","1476,45","33,99","13,36","19,07",""
762,"2020 Nov 12","15:38:51",mmHg,"5,0","LX100:36.36.02 S0465",36,36,"63,42","246,43","1740,32","1471,38","33,86","13,36","19,07",""
763,"2020 Nov 12","15:38:51",mmHg,"5,0","LX100:36.36.02 S0465",36,36,"63,27","245,81","1738,71","1466,7","33,74","13,35","19,08",""
764,"2020 Nov 12","15:38:51",mmHg,"5,0","LX100:36.36.02 S0465",36,36,"62,94","243,65","1738,71","1459,0","33,69","13,33","19,09",""
765,"2020 Nov 12","15:38:51",mmHg,"5,0","LX100:36.36.02 S0465",36,36,"62,86","244,35","1737,1","1455,71","33,72","13,31","19,09",""
766,"2020 Nov 12","15:38:51",mmHg,"5,0","LX100:36.36.02 S0465",36,36,"62,68","243,16","1740,32","1454,4","33,83","13,29","19,10",""
767,"2020 Nov 12","15:38:51",mmHg,"5,0","LX100:36.36.02 S0465",36,36,"62,58","244,76","1740,32","1451,95","34,12","13,25","19,13",""
768,"2020 Nov 12","15:38:51",mmHg,"5,0","LX100:36.36.02 S0465",36,36,"63,03","244,59","1740,32","1462,41","34,02","13,29","19,19",""
769,"2020 Nov 12","15:38:51",mmHg,"5,0","LX100:36.36.02 S0465",36,36,"64,05","248,64","1741,94","1487,54","34,06","13,40","19,12",""
770,"2020 Nov 12","15:38:51",mmHg,"5,0","LX100:36.36.02 S0465",36,36,"64,26","249,73","1745,16","1495,24","33,92","13,46","19,08",""
771,"2020 Nov 12","15:38:51",mmHg,"5,0","LX100:36.36.02 S0465",36,36,"64,2","246,93","1743,55","1492,3","33,47","13,50","19,05",""
772,"2020 Nov 12","15:38:51",mmHg,"5,0","LX100:36.36.02 S0465",36,36,"64,01","247,45","1743,55","1488,02","33,54","13,47","19,04",""
773,"2020 Nov 12","15:38:51",mmHg,"5,0","LX100:36.36.02 S0465",36,36,"63,69","247,79","1741,94","1479,11","33,61","13,42","19,04",""
774,"2020 Nov 12","15:38:51",mmHg,"5,0","LX100:36.36.02 S0465",36,36,"63,48","247,29","1737,1","1470,25","33,71","13,37","19,05",""
775,"2020 Nov 12","15:38:51",mmHg,"5,0","LX100:36.36.02 S0465",36,36,"63,05","249,16","1740,32","1463,01","34,4","13,26","19,09",""
776,"2020 Nov 12","15:38:51",mmHg,"5,0","LX100:36.36.02 S0465",36,36,"63,06","250,98","1740,32","1463,12","34,65","13,22","19,09",""
777,"2020 Nov 12","15:38:51",mmHg,"5,0","LX100:36.36.02 S0465",36,36,"62,93","250,98","1740,32","1460,12","34,47","13,24","19,09",""
778,"2020 Nov 12","15:38:51",mmHg,"5,0","LX100:36.36.02 S0465",36,36,"63,13","248,89","1738,71","1463,51","33,85","13,32","19,08",""
779,"2020 Nov 12","15:38:51",mmHg,"5,0","LX100:36.36.02 S0465",36,36,"63,28","247,78","1738,71","1466,8","33,56","13,38","19,07",""
780,"2020 Nov 12","15:38:51",mmHg,"5,0","LX100:36.36.02 S0465",36,36,"63,39","247,11","1740,32","1470,77","33,39","13,42","19,06",""
781,"2020 Nov 12","15:38:51",mmHg,"5,0","LX100:36.36.02 S0465",36,36,"63,69","246,82","1738,71","1476,34","33,38","13,45","19,05",""
782,"2020 Nov 12","15:38:51",mmHg,"5,0","LX100:36.36.02 S0465",36,36,"63,59","248,54","1743,55","1478,28","33,63","13,43","19,04",""
783,"2020 Nov 12","15:38:51",mmHg,"5,0","LX100:36.36.02 S0465",36,36,"63,61","249,58","1741,94","1477,27","33,76","13,40","19,05",""
784,"2020 Nov 12","15:38:51",mmHg,"5,0","LX100:36.36.02 S0465",36,36,"63,67","249,91","1738,71","1476,01","34,0","13,36","19,05",""
785,"2020 Nov 12","15:38:51",mmHg,"5,0","LX100:36.36.02 S0465",36,36,"63,11","251,58","1740,32","1464,35","34,36","13,27","19,07",""
786,"2020 Nov 12","15:38:51",mmHg,"5,0","LX100:36.36.02 S0465",36,36,"63,2","251,64","1738,71","1464,93","34,17","13,29","19,07",""
787,"2020 Nov 12","15:38:51",mmHg,"5,0","LX100:36.36.02 S0465",36,36,"63,17","250,46","1740,32","1465,8","33,98","13,33","19,05",""
788,"2020 Nov 12","15:38:51",mmHg,"5,0","LX100:36.36.02 S0465",36,36,"63,3","250,15","1737,1","1465,97","33,81","13,35","19,05",""
789,"2020 Nov 12","15:38:51",mmHg,"5,0","LX100:36.36.02 S0465",36,36,"63,12","248,51","1738,71","1463,14","33,62","13,36","19,04",""
790,"2020 Nov 12","15:38:51",mmHg,"5,0","LX100:36.36.02 S0465",36,36,"63,05","247,87","1738,71","1461,66","33,56","13,36","19,04",""
791,"2020 Nov 12","15:38:51",mmHg,"5,0","LX100:36.36.02 S0465",36,36,"63,1","248,47","1738,71","1462,69","33,61","13,36","19,06",""
792,"2020 Nov 12","15:38:51",mmHg,"5,0","LX100:36.36.02 S0465",36,36,"63,62","250,09","1738,71","1474,65","33,96","13,36","19,09",""
793,"2020 Nov 12","15:38:51",mmHg,"5,0","LX100:36.36.02 S0465",36,36,"63,72","250,91","1738,71","1477,2","34,12","13,35","19,07",""
794,"2020 Nov 12","15:38:51",mmHg,"5,0","LX100:36.36.02 S0465",36,36,"63,53","250,46","1740,32","1474,16","34,2","13,33","19,07",""
795,"2020 Nov 12","15:38:51",mmHg,"5,0","LX100:36.36.02 S0465",36,36,"63,44","250,28","1738,71","1470,63","34,2","13,31","19,08",""
796,"2020 Nov 12","15:38:51",mmHg,"5,0","LX100:36.36.02 S0465",36,36,"63,29","249,98","1740,32","1468,58","34,21","13,30","19,09",""
797,"2020 Nov 12","15:38:52",mmHg,"5,0","LX100:36.36.02 S0465",36,36,"63,19","250,85","1740,32","1466,19","34,17","13,30","19,09",""
798,"2020 Nov 12","15:38:52",mmHg,"5,0","LX100:36.36.02 S0465",36,36,"63,22","249,77","1740,32","1466,96","34,13","13,31","19,09",""
799,"2020 Nov 12","15:38:52",mmHg,"5,0","LX100:36.36.02 S0465",36,36,"63,26","250,11","1738,71","1466,39","33,99","13,32","19,09",""
800,"2020 Nov 12","15:38:52",mmHg,"5,0","LX100:36.36.02 S0465",36,36,"63,23","248,78","1738,71","1465,73","33,72","13,35","19,07",""
801,"2020 Nov 12","15:38:52",mmHg,"5,0","LX100:36.36.02 S0465",36,36,"63,36","250,92","1740,32","1469,99","33,85","13,36","19,05",""
802,"2020 Nov 12","15:38:52",mmHg,"5,0","LX100:36.36.02 S0465",36,36,"63,53","251,46","1738,71","1472,78","33,87","13,37","19,04",""
803,"2020 Nov 12","15:38:52",mmHg,"5,0","LX100:36.36.02 S0465",36,36,"63,6","252,3","1738,71","1474,2","33,92","13,37","19,02",""
804,"2020 Nov 12","15:38:52",mmHg,"5,0","LX100:36.36.02 S0465",36,36,"63,56","252,85","1738,71","1473,3","33,94","13,36","19,03",""
805,"2020 Nov 12","15:38:52",mmHg,"5,0","LX100:36.36.02 S0465",36,36,"63,53","252,97","1738,71","1472,57","34,03","13,35","19,02",""
806,"2020 Nov 12","15:38:52",mmHg,"5,0","LX100:36.36.02 S0465",36,36,"63,3","252,73","1738,71","1467,33","34,04","13,33","19,02",""
807,"2020 Nov 12","15:38:52",mmHg,"5,0","LX100:36.36.02 S0465",36,36,"63,16","251,86","1738,71","1464,06","34,29","13,28","19,06",""
808,"2020 Nov 12","15:38:52",mmHg,"5,0","LX100:36.36.02 S0465",36,36,"63,26","252,37","1740,32","1467,77","34,56","13,26","19,12",""
809,"2020 Nov 12","15:38:52",mmHg,"5,0","LX100:36.36.02 S0465",36,36,"63,43","250,3","1740,32","1471,65","34,15","13,32","19,12",""
810,"2020 Nov 12","15:38:52",mmHg,"5,0","LX100:36.36.02 S0465",36,36,"63,66","248,28","1741,94","1478,4","33,54","13,43","19,09",""
811,"2020 Nov 12","15:38:52",mmHg,"5,0","LX100:36.36.02 S0465",36,36,"63,7","247,98","1743,55","1480,76","33,4","13,47","19,07",""
812,"2020 Nov 12","15:38:52",mmHg,"5,0","LX100:36.36.02 S0465",36,36,"63,68","246,66","1741,94","1478,98","33,24","13,48","19,05",""
813,"2020 Nov 12","15:38:52",mmHg,"5,0","LX100:36.36.02 S0465",36,36,"63,56","247,45","1738,71","1473,4","33,43","13,42","19,06",""
814,"2020 Nov 12","15:38:52",mmHg,"5,0","LX100:36.36.02 S0465",36,36,"63,52","250,68","1738,71","1472,38","33,81","13,37","19,05",""
815,"2020 Nov 12","15:38:52",mmHg,"5,0","LX100:36.36.02 S0465",36,36,"63,37","251,63","1740,32","1470,39","34,19","13,32","19,06",""
816,"2020 Nov 12","15:38:52",mmHg,"5,0","LX100:36.36.02 S0465",36,36,"63,3","253,6","1740,32","1468,8","34,63","13,26","19,06",""
817,"2020 Nov 12","15:38:52",mmHg,"5,0","LX100:36.36.02 S0465",36,36,"63,03","253,12","1740,32","1462,43","34,54","13,24","19,07",""
818,"2020 Nov 12","15:38:52",mmHg,"5,0","LX100:36.36.02 S0465",36,36,"63,04","250,56","1740,32","1462,71","34,07","13,30","19,08",""
819,"2020 Nov 12","15:38:52",mmHg,"5,0","LX100:36.36.02 S0465",36,36,"63,2","250,07","1738,71","1464,92","33,83","13,34","19,08",""
820,"2020 Nov 12","15:38:52",mmHg,"5,0","LX100:36.36.02 S0465",36,36,"63,26","248,89","1738,71","1466,33","33,63","13,37","19,07",""
821,"2020 Nov 12","15:38:52",mmHg,"5,0","LX100:36.36.02 S0465",36,36,"63,32","247,75","1737,1","1466,53","33,31","13,41","19,06",""
822,"2020 Nov 12","15:38:52",mmHg,"5,0","LX100:36.36.02 S0465",36,36,"63,3","248,28","1740,32","1468,73","33,4","13,42","19,04",""
823,"2020 Nov 12","15:38:52",mmHg,"5,0","LX100:36.36.02 S0465",36,36,"63,18","249,4","1740,32","1465,99","33,6","13,38","19,02",""
824,"2020 Nov 12","15:38:52",mmHg,"5,0","LX100:36.36.02 S0465",36,36,"63,17","252,04","1738,71","1464,24","33,98","13,33","19,04",""
825,"2020 Nov 12","15:38:52",mmHg,"5,0","LX100:36.36.02 S0465",36,36,"63,2","253,54","1740,32","1466,28","34,4","13,28","19,05",""
826,"2020 Nov 12","15:38:52",mmHg,"5,0","LX100:36.36.02 S0465",36,36,"63,25","254,17","1740,32","1467,64","34,46","13,28","19,05",""
827,"2020 Nov 12","15:38:52",mmHg,"5,0","LX100:36.36.02 S0465",36,36,"63,23","253,76","1740,32","1467,06","34,31","13,29","19,05",""
828,"2020 Nov 12","15:38:52",mmHg,"5,0","LX100:36.36.02 S0465",36,36,"63,31","253,05","1738,71","1467,68","34,18","13,31","19,05",""
829,"2020 Nov 12","15:38:52",mmHg,"5,0","LX100:36.36.02 S0465",36,36,"63,23","251,42","1740,32","1467,0","33,99","13,33","19,05",""
830,"2020 Nov 12","15:38:52",mmHg,"5,0","LX100:36.36.02 S0465",36,36,"63,23","251,61","1738,71","1465,83","33,83","13,35","19,05",""
831,"2020 Nov 12","15:38:52",mmHg,"5,0","LX100:36.36.02 S0465",36,36,"63,69","253,41","1740,32","1477,86","34,19","13,35","19,05",""
832,"2020 Nov 12","15:38:52",mmHg,"5,0","LX100:36.36.02 S0465",36,36,"63,71","253,49","1740,32","1478,28","34,16","13,35","19,05",""
833,"2020 Nov 12","15:38:52",mmHg,"5,0","LX100:36.36.02 S0465",36,36,"63,73","252,94","1738,71","1477,25","33,99","13,37","19,06",""
834,"2020 Nov 12","15:38:52",mmHg,"5,0","LX100:36.36.02 S0465",36,36,"63,7","252,02","1740,32","1478,0","33,93","13,38","19,06",""
835,"2020 Nov 12","15:38:52",mmHg,"5,0","LX100:36.36.02 S0465",36,36,"63,76","252,14","1738,71","1478,0","33,96","13,37","19,07",""
836,"2020 Nov 12","15:38:52",mmHg,"5,0","LX100:36.36.02 S0465",36,36,"63,71","252,04","1738,71","1476,8","33,97","13,36","19,07",""
837,"2020 Nov 12","15:38:52",mmHg,"5,0","LX100:36.36.02 S0465",36,36,"63,68","252,56","1738,71","1476,04","34,03","13,36","19,08",""
838,"2020 Nov 12","15:38:52",mmHg,"5,0","LX100:36.36.02 S0465",36,36,"63,29","252,71","1740,32","1468,38","34,05","13,33","19,02",""
839,"2020 Nov 12","15:38:52",mmHg,"5,0","LX100:36.36.02 S0465",36,36,"62,89","251,87","1738,71","1457,89","33,99","13,29","19,04",""
840,"2020 Nov 12","15:38:52",mmHg,"5,0","LX100:36.36.02 S0465",36,36,"62,76","252,13","1738,71","1454,78","33,96","13,29","19,04",""
841,"2020 Nov 12","15:38:52",mmHg,"5,0","LX100:36.36.02 S0465",36,36,"62,7","251,73","1738,71","1453,47","33,94","13,28","19,05",""
842,"2020 Nov 12","15:38:52",mmHg,"5,0","LX100:36.36.02 S0465",36,36,"62,75","252,71","1740,32","1455,94","33,98","13,30","19,04",""
843,"2020 Nov 12","15:38:52",mmHg,"5,0","LX100:36.36.02 S0465",36,36,"62,99","252,93","1738,71","1460,26","33,93","13,32","19,03",""
844,"2020 Nov 12","15:38:52",mmHg,"5,0","LX100:36.36.02 S0465",36,36,"63,08","252,55","1738,71","1462,18","33,83","13,34","19,03",""
845,"2020 Nov 12","15:38:52",mmHg,"5,0","LX100:36.36.02 S0465",36,36,"63,2","252,47","1738,71","1464,99","33,76","13,36","19,02",""
846,"2020 Nov 12","15:38:52",mmHg,"5,0","LX100:36.36.02 S0465",36,36,"63,11","251,92","1740,32","1464,41","33,68","13,37","19,00",""
847,"2020 Nov 12","15:38:53",mmHg,"5,0","LX100:36.36.02 S0465",36,36,"63,15","251,82","1738,71","1463,81","33,82","13,35","19,02",""
848,"2020 Nov 12","15:38:53",mmHg,"5,0","LX100:36.36.02 S0465",36,36,"63,13","252,44","1740,32","1464,87","34,05","13,32","19,04",""
849,"2020 Nov 12","15:38:53",mmHg,"5,0","LX100:36.36.02 S0465",36,36,"63,46","253,61","1740,32","1472,52","34,59","13,28","19,08",""
850,"2020 Nov 12","15:38:53",mmHg,"5,0","LX100:36.36.02 S0465",36,36,"63,58","253,54","1740,32","1475,16","34,83","13,26","19,10",""
851,"2020 Nov 12","15:38:53",mmHg,"5,0","LX100:36.36.02 S0465",36,36,"63,59","254,43","1740,32","1475,41","34,82","13,26","19,11",""
852,"2020 Nov 12","15:38:53",mmHg,"5,0","LX100:36.36.02 S0465",36,36,"63,56","253,59","1740,32","1474,69","34,55","13,28","19,10",""
853,"2020 Nov 12","15:38:53",mmHg,"5,0","LX100:36.36.02 S0465",36,36,"63,75","252,28","1740,32","1479,08","34,06","13,36","19,08",""
854,"2020 Nov 12","15:38:53",mmHg,"5,0","LX100:36.36.02 S0465",36,36,"63,49","252,24","1741,94","1474,38","33,5","13,43","19,02",""
855,"2020 Nov 12","15:38:53",mmHg,"5,0","LX100:36.36.02 S0465",36,36,"63,4","249,64","1738,71","1469,61","33,37","13,42","19,01",""
856,"2020 Nov 12","15:38:53",mmHg,"5,0","LX100:36.36.02 S0465",36,36,"63,02","252,07","1738,71","1460,85","33,98","13,31","19,03",""
857,"2020 Nov 12","15:38:53",mmHg,"5,0","LX100:36.36.02 S0465",36,36,"62,95","252,61","1740,32","1460,62","34,43","13,25","19,06",""
858,"2020 Nov 12","15:38:53",mmHg,"5,0","LX100:36.36.02 S0465",36,36,"63,05","254,57","1741,94","1464,37","34,92","13,21","19,08",""
859,"2020 Nov 12","15:38:53",mmHg,"5,0","LX100:36.36.02 S0465",36,36,"63,65","256,0","1740,32","1476,9","35,44","13,19","19,10",""
860,"2020 Nov 12","15:38:53",mmHg,"5,0","LX100:36.36.02 S0465",36,36,"63,79","256,0","1740,32","1480,16","35,19","13,23","19,09",""
861,"2020 Nov 12","15:38:53",mmHg,"5,0","LX100:36.36.02 S0465",36,36,"63,87","255,29","1740,32","1481,82","34,74","13,29","19,06",""
862,"2020 Nov 12","15:38:53",mmHg,"5,0","LX100:36.36.02 S0465",36,36,"63,75","254,36","1740,32","1479,22","33,89","13,40","19,04",""
863,"2020 Nov 12","15:38:53",mmHg,"5,0","LX100:36.36.02 S0465",36,36,"63,52","249,92","1738,71","1472,49","33,37","13,43","19,03",""
864,"2020 Nov 12","15:38:53",mmHg,"5,0","LX100:36.36.02 S0465",36,36,"63,4","251,07","1738,71","1469,66","33,61","13,39","19,03",""
865,"2020 Nov 12","15:38:53",mmHg,"5,0","LX100:36.36.02 S0465",36,36,"63,22","251,7","1740,32","1466,9","33,93","13,34","19,05",""
866,"2020 Nov 12","15:38:53",mmHg,"5,0","LX100:36.36.02 S0465",36,36,"63,15","252,32","1740,32","1465,21","34,23","13,30","19,06",""
867,"2020 Nov 12","15:38:53",mmHg,"5,0","LX100:36.36.02 S0465",36,36,"64,12","256,0","1740,32","1487,65","35,54","13,22","19,08",""
868,"2020 Nov 12","15:38:53",mmHg,"5,0","LX100:36.36.02 S0465",36,36,"65,7","256,0","1738,71","1522,98","36,3","13,26","19,09",""
869,"2020 Nov 12","15:38:53",mmHg,"5,0","LX100:36.36.02 S0465",36,36,"67,08","256,0","1745,16","1560,82","36,71","13,36","19,06",""
870,"2020 Nov 12","15:38:53",mmHg,"5,0","LX100:36.36.02 S0465",36,36,"62,72","231,88","1748,39","1461,91","28,21","14,12","18,90",""
871,"2020 Nov 12","15:38:53",mmHg,"5,0","LX100:36.36.02 S0465",36,36,"59,32","211,57","1737,1","1373,9","27,01","13,94","18,99",""
872,"2020 Nov 12","15:38:53",mmHg,"5,0","LX100:36.36.02 S0465",36,36,"56,4","201,09","1730,65","1301,23","26,88","13,67","19,08",""
873,"2020 Nov 12","15:38:53",mmHg,"5,0","LX100:36.36.02 S0465",36,36,"54,01","195,47","1714,52","1234,47","26,58","13,40","19,14",""
874,"2020 Nov 12","15:38:53",mmHg,"5,0","LX100:36.36.02 S0465",36,36,"49,47","183,27","1696,77","1119,05","25,75","12,99","19,26",""
875,"2020 Nov 12","15:38:53",mmHg,"5,0","LX100:36.36.02 S0465",36,36,"47,96","177,78","1690,32","1080,74","25,86","12,78","19,32",""
876,"2020 Nov 12","15:38:53",mmHg,"5,0","LX100:36.36.02 S0465",36,36,"47,86","172,65","1679,03","1071,46","26,65","12,57","19,43",""
877,"2020 Nov 12","15:38:53",mmHg,"5,0","LX100:36.36.02 S0465",36,36,"54,14","224,9","1683,87","1215,48","34,79","12,12","19,74",""
878,"2020 Nov 12","15:38:53",mmHg,"5,0","LX100:36.36.02 S0465",36,36,"63,65","256,0","1709,68","1450,9","40,0","12,52","20,13",""
879,"2020 Nov 12","15:38:53",mmHg,"5,0","LX100:36.36.02 S0465",36,36,"71,01","256,0","1756,45","1662,85","39,88","13,34","18,85",""
880,"2020 Nov 12","15:38:53",mmHg,"5,0","LX100:36.36.02 S0465",36,36,"71,52","256,0","1759,68","1677,9","38,07","13,63","18,77",""
881,"2020 Nov 12","15:38:53",mmHg,"5,0","LX100:36.36.02 S0465",36,36,"71,28","256,0","1759,68","1672,2","35,55","13,94","18,70",""
882,"2020 Nov 12","15:38:53",mmHg,"5,0","LX100:36.36.02 S0465",36,36,"71,22","256,0","1758,06","1669,29","35,37","13,96","18,68",""
883,"2020 Nov 12","15:38:53",mmHg,"5,0","LX100:36.36.02 S0465",36,36,"71,6","256,0","1756,45","1676,57","36,34","13,85","18,69",""
884,"2020 Nov 12","15:38:53",mmHg,"5,0","LX100:36.36.02 S0465",36,36,"71,85","256,0","1758,06","1684,12","37,78","13,68","18,75",""
885,"2020 Nov 12","15:38:53",mmHg,"5,0","LX100:36.36.02 S0465",36,36,"69,85","256,0","1750,0","1629,71","38,97","13,31","18,74",""
886,"2020 Nov 12","15:38:53",mmHg,"5,0","LX100:36.36.02 S0465",36,36,"65,81","256,0","1745,16","1531,1","38,09","13,10","18,39",""
887,"2020 Nov 12","15:38:53",mmHg,"5,0","LX100:36.36.02 S0465",36,36,"58,56","237,09","1725,81","1347,36","31,79","13,07","18,96",""
888,"2020 Nov 12","15:38:53",mmHg,"5,0","LX100:36.36.02 S0465",36,36,"52,94","198,13","1711,29","1207,73","27,01","13,20","19,03",""
889,"2020 Nov 12","15:38:53",mmHg,"5,0","LX100:36.36.02 S0465",36,36,"51,2","185,61","1700,0","1160,33","25,49","13,23","19,13",""
890,"2020 Nov 12","15:38:53",mmHg,"5,0","LX100:36.36.02 S0465",36,36,"50,02","177,94","1695,16","1130,5","24,64","13,25","19,24",""
891,"2020 Nov 12","15:38:53",mmHg,"5,0","LX100:36.36.02 S0465",36,36,"49,29","168,39","1685,48","1107,7","23,73","13,29","19,39",""
892,"2020 Nov 12","15:38:53",mmHg,"5,0","LX100:36.36.02 S0465",36,36,"49,26","164,98","1688,71","1109,14","23,43","13,37","19,42",""
893,"2020 Nov 12","15:38:53",mmHg,"5,0","LX100:36.36.02 S0465",36,36,"50,29","170,07","1696,77","1137,59","23,96","13,44","19,43",""
894,"2020 Nov 12","15:38:53",mmHg,"5,0","LX100:36.36.02 S0465",36,36,"64,27","256,0","1719,35","1473,28","41,65","12,94","21,18",""
895,"2020 Nov 12","15:38:53",mmHg,"5,0","LX100:36.36.02 S0465",36,36,"80,16","256,0","1774,19","1896,17","45,25","13,43","18,65",""
896,"2020 Nov 12","15:38:53",mmHg,"5,0","LX100:36.36.02 S0465",36,36,"78,32","256,0","1770,97","1849,09","41,55","13,72","18,63",""
897,"2020 Nov 12","15:38:54",mmHg,"5,0","LX100:36.36.02 S0465",36,36,"77,23","256,0","1769,35","1821,74","40,23","13,80","18,66",""
898,"2020 Nov 12","15:38:54",mmHg,"5,0","LX100:36.36.02 S0465",36,36,"76,31","256,0","1767,74","1798,44","39,35","13,85","18,64",""
899,"2020 Nov 12","15:38:54",mmHg,"5,0","LX100:36.36.02 S0465",36,36,"71,01","256,0","1761,29","1667,35","34,8","14,02","18,56",""
900,"2020 Nov 12","15:38:54",mmHg,"5,0","LX100:36.36.02 S0465",36,36,"67,49","256,0","1745,16","1570,3","32,99","13,90","18,50",""
901,"2020 Nov 12","15:38:54",mmHg,"5,0","LX100:36.36.02 S0465",36,36,"63,59","250,61","1738,71","1474,08","31,98","13,65","18,58",""
902,"2020 Nov 12","15:38:54",mmHg,"5,0","LX100:36.36.02 S0465",36,36,"53,35","230,92","1696,77","1206,78","34,77","12,01","19,12",""
903,"2020 Nov 12","15:38:54",mmHg,"5,0","LX100:36.36.02 S0465",36,36,"53,26","242,93","1696,77","1204,85","36,4","11,78","19,16",""
904,"2020 Nov 12","15:38:54",mmHg,"5,0","LX100:36.36.02 S0465",36,36,"54,31","253,68","1698,39","1229,83","39,15","11,56","19,22",""
905,"2020 Nov 12","15:38:54",mmHg,"5,0","LX100:36.36.02 S0465",36,36,"55,69","256,0","1698,39","1261,03","40,88","11,49","19,20",""
906,"2020 Nov 12","15:38:54",mmHg,"5,0","LX100:36.36.02 S0465",36,36,"59,32","256,0","1706,45","1349,63","42,45","11,72","19,19",""
907,"2020 Nov 12","15:38:54",mmHg,"5,0","LX100:36.36.02 S0465",36,36,"61,18","256,0","1720,97","1403,84","42,25","12,01","19,12",""
908,"2020 Nov 12","15:38:54",mmHg,"5,0","LX100:36.36.02 S0465",36,36,"63,37","256,0","1732,26","1463,54","41,19","12,42","19,02",""
909,"2020 Nov 12","15:38:54",mmHg,"5,0","LX100:36.36.02 S0465",36,36,"65,18","256,0","1743,55","1515,04","38,93","12,93","18,91",""
910,"2020 Nov 12","15:38:54",mmHg,"5,0","LX100:36.36.02 S0465",36,36,"68,26","251,35","1764,52","1605,75","30,05","14,55","18,56",""
911,"2020 Nov 12","15:38:54",mmHg,"5,0","LX100:36.36.02 S0465",36,36,"67,8","251,13","1761,29","1592,12","30,37","14,44","18,56",""
912,"2020 Nov 12","15:38:54",mmHg,"5,0","LX100:36.36.02 S0465",36,36,"67,24","251,3","1754,84","1573,19","31,38","14,18","18,60",""
913,"2020 Nov 12","15:38:54",mmHg,"5,0","LX100:36.36.02 S0465",36,36,"65,72","256,0","1745,16","1529,18","35,5","13,43","18,71",""
914,"2020 Nov 12","15:38:54",mmHg,"5,0","LX100:36.36.02 S0465",36,36,"64,78","256,0","1740,32","1502,99","37,55","13,04","18,78",""
915,"2020 Nov 12","15:38:54",mmHg,"5,0","LX100:36.36.02 S0465",36,36,"63,69","256,0","1735,48","1473,57","39,01","12,73","18,84",""
916,"2020 Nov 12","15:38:54",mmHg,"5,0","LX100:36.36.02 S0465",36,36,"61,57","256,0","1730,65","1420,52","40,22","12,33","18,93",""
917,"2020 Nov 12","15:38:54",mmHg,"5,0","LX100:36.36.02 S0465",36,36,"60,59","256,0","1719,35","1388,83","38,17","12,43","18,86",""
918,"2020 Nov 12","15:38:54",mmHg,"5,0","LX100:36.36.02 S0465",36,36,"60,06","254,47","1725,81","1381,93","35,4","12,79","18,91",""
919,"2020 Nov 12","15:38:54",mmHg,"5,0","LX100:36.36.02 S0465",36,36,"60,39","250,85","1729,03","1392,01","34,07","13,03","18,87",""
920,"2020 Nov 12","15:38:54",mmHg,"5,0","LX100:36.36.02 S0465",36,36,"61,33","245,5","1738,71","1421,73","31,97","13,48","18,78",""
921,"2020 Nov 12","15:38:54",mmHg,"5,0","LX100:36.36.02 S0465",36,36,"61,96","245,92","1740,32","1437,61","31,33","13,64","18,76",""
922,"2020 Nov 12","15:38:54",mmHg,"5,0","LX100:36.36.02 S0465",36,36,"62,62","246,63","1741,94","1454,21","31,23","13,73","18,73",""
923,"2020 Nov 12","15:38:54",mmHg,"5,0","LX100:36.36.02 S0465",36,36,"63,19","247,32","1741,94","1467,51","31,44","13,75","18,73",""
924,"2020 Nov 12","15:38:54",mmHg,"5,0","LX100:36.36.02 S0465",36,36,"64,14","250,91","1741,94","1489,46","33,0","13,61","18,74",""
925,"2020 Nov 12","15:38:54",mmHg,"5,0","LX100:36.36.02 S0465",36,36,"64,45","251,9","1746,77","1500,94","35,23","13,36","18,80",""
926,"2020 Nov 12","15:38:54",mmHg,"5,0","LX100:36.36.02 S0465",36,36,"64,72","256,0","1740,32","1501,7","37,08","13,09","18,83",""
927,"2020 Nov 12","15:38:54",mmHg,"5,0","LX100:36.36.02 S0465",36,36,"64,31","256,0","1740,32","1492,03","37,05","13,06","18,83",""
928,"2020 Nov 12","15:38:54",mmHg,"5,0","LX100:36.36.02 S0465",36,36,"63,91","256,0","1740,32","1482,84","36,49","13,09","18,82",""
929,"2020 Nov 12","15:38:54",mmHg,"5,0","LX100:36.36.02 S0465",36,36,"63,46","256,0","1740,32","1472,45","35,77","13,14","18,80",""
930,"2020 Nov 12","15:38:54",mmHg,"5,0","LX100:36.36.02 S0465",36,36,"62,75","252,75","1740,32","1455,84","34,39","13,26","18,77",""
931,"2020 Nov 12","15:38:54",mmHg,"5,0","LX100:36.36.02 S0465",36,36,"62,55","250,82","1740,32","1451,31","33,84","13,33","18,76",""
932,"2020 Nov 12","15:38:54",mmHg,"5,0","LX100:36.36.02 S0465",36,36,"62,67","249,27","1738,71","1452,74","33,52","13,37","18,77",""
933,"2020 Nov 12","15:38:54",mmHg,"5,0","LX100:36.36.02 S0465",36,36,"63,09","249,93","1740,32","1463,94","34,01","13,34","18,82",""
934,"2020 Nov 12","15:38:54",mmHg,"5,0","LX100:36.36.02 S0465",36,36,"63,77","256,0","1740,32","1479,69","35,16","13,26","18,82",""
935,"2020 Nov 12","15:38:54",mmHg,"5,0","LX100:36.36.02 S0465",36,36,"64,17","256,0","1740,32","1488,86","35,37","13,27","18,83",""
936,"2020 Nov 12","15:38:54",mmHg,"5,0","LX100:36.36.02 S0465",36,36,"64,72","256,0","1740,32","1501,57","35,51","13,30","18,81",""
937,"2020 Nov 12","15:38:54",mmHg,"5,0","LX100:36.36.02 S0465",36,36,"65,24","256,0","1745,16","1518,0","35,49","13,38","18,77",""
938,"2020 Nov 12","15:38:54",mmHg,"5,0","LX100:36.36.02 S0465",36,36,"65,23","256,0","1745,16","1517,72","35,3","13,40","18,75",""
939,"2020 Nov 12","15:38:54",mmHg,"5,0","LX100:36.36.02 S0465",36,36,"65,06","256,0","1745,16","1513,7","35,06","13,42","18,75",""
940,"2020 Nov 12","15:38:54",mmHg,"5,0","LX100:36.36.02 S0465",36,36,"64,9","256,0","1743,55","1508,52","34,87","13,42","18,74",""
941,"2020 Nov 12","15:38:54",mmHg,"5,0","LX100:36.36.02 S0465",36,36,"63,73","252,0","1737,1","1475,89","33,8","13,42","18,74",""
942,"2020 Nov 12","15:38:54",mmHg,"5,0","LX100:36.36.02 S0465",36,36,"63,49","251,23","1737,1","1470,33","33,65","13,42","18,75",""
943,"2020 Nov 12","15:38:54",mmHg,"5,0","LX100:36.36.02 S0465",36,36,"63,46","251,84","1737,1","1469,71","33,79","13,40","18,76",""
944,"2020 Nov 12","15:38:54",mmHg,"5,0","LX100:36.36.02 S0465",36,36,"63,65","253,13","1737,1","1474,02","34,03","13,38","18,76",""
945,"2020 Nov 12","15:38:54",mmHg,"5,0","LX100:36.36.02 S0465",36,36,"64,17","255,38","1737,1","1486,16","34,34","13,40","18,76",""
946,"2020 Nov 12","15:38:54",mmHg,"5,0","LX100:36.36.02 S0465",36,36,"64,53","256,0","1737,1","1494,45","34,28","13,43","18,75",""
947,"2020 Nov 12","15:38:55",mmHg,"5,0","LX100:36.36.02 S0465",36,36,"64,94","256,0","1738,71","1505,32","34,24","13,48","18,73",""
948,"2020 Nov 12","15:38:55",mmHg,"5,0","LX100:36.36.02 S0465",36,36,"65,19","256,0","1743,55","1515,38","33,89","13,59","18,69",""
949,"2020 Nov 12","15:38:55",mmHg,"5,0","LX100:36.36.02 S0465",36,36,"65,09","253,86","1743,55","1513,15","33,68","13,60","18,70",""
950,"2020 Nov 12","15:38:55",mmHg,"5,0","LX100:36.36.02 S0465",36,36,"64,94","253,65","1743,55","1509,47","33,72","13,58","18,70",""
951,"2020 Nov 12","15:38:55",mmHg,"5,0","LX100:36.36.02 S0465",36,36,"64,79","252,95","1740,32","1503,16","33,66","13,56","18,72",""
952,"2020 Nov 12","15:38:55",mmHg,"5,0","LX100:36.36.02 S0465",36,36,"64,49","252,53","1738,71","1494,94","33,71","13,51","18,73",""
953,"2020 Nov 12","15:38:55",mmHg,"5,0","LX100:36.36.02 S0465",36,36,"64,38","251,74","1737,1","1491,09","33,66","13,49","18,75",""
954,"2020 Nov 12","15:38:55",mmHg,"5,0","LX100:36.36.02 S0465",36,36,"64,28","252,27","1738,71","1490,06","33,74","13,49","18,76",""
955,"2020 Nov 12","15:38:55",mmHg,"5,0","LX100:36.36.02 S0465",36,36,"64,27","251,39","1737,1","1488,36","33,65","13,48","18,76",""
956,"2020 Nov 12","15:38:55",mmHg,"5,0","LX100:36.36.02 S0465",36,36,"64,1","250,85","1737,1","1484,61","33,4","13,50","18,77",""
957,"2020 Nov 12","15:38:55",mmHg,"5,0","LX100:36.36.02 S0465",36,36,"64,22","251,16","1738,71","1488,74","33,36","13,53","18,77",""
958,"2020 Nov 12","15:38:55",mmHg,"5,0","LX100:36.36.02 S0465",36,36,"64,46","250,59","1735,48","1491,56","33,34","13,53","18,77",""
959,"2020 Nov 12","15:38:55",mmHg,"5,0","LX100:36.36.02 S0465",36,36,"64,55","251,64","1738,71","1496,34","33,53","13,53","18,77",""
960,"2020 Nov 12","15:38:55",mmHg,"5,0","LX100:36.36.02 S0465",36,36,"64,49","251,35","1738,71","1495,02","33,52","13,53","18,77",""
961,"2020 Nov 12","15:38:55",mmHg,"5,0","LX100:36.36.02 S0465",36,36,"64,54","251,35","1738,71","1496,1","33,56","13,53","18,78",""
962,"2020 Nov 12","15:38:55",mmHg,"5,0","LX100:36.36.02 S0465",36,36,"64,4","251,4","1738,71","1492,86","33,58","13,51","18,78",""
963,"2020 Nov 12","15:38:55",mmHg,"5,0","LX100:36.36.02 S0465",36,36,"64,37","250,93","1737,1","1490,73","33,53","13,50","18,78",""
964,"2020 Nov 12","15:38:55",mmHg,"5,0","LX100:36.36.02 S0465",36,36,"64,24","250,36","1737,1","1487,7","33,49","13,50","18,77",""
965,"2020 Nov 12","15:38:55",mmHg,"5,0","LX100:36.36.02 S0465",36,36,"64,11","250,96","1738,71","1486,22","33,53","13,50","18,77",""
966,"2020 Nov 12","15:38:55",mmHg,"5,0","LX100:36.36.02 S0465",36,36,"64,24","252,64","1738,71","1489,1","33,63","13,49","18,76",""
967,"2020 Nov 12","15:38:55",mmHg,"5,0","LX100:36.36.02 S0465",36,36,"64,45","254,11","1737,1","1492,7","33,7","13,50","18,75",""
968,"2020 Nov 12","15:38:55",mmHg,"5,0","LX100:36.36.02 S0465",36,36,"64,57","254,39","1738,71","1496,73","33,79","13,51","18,74",""
969,"2020 Nov 12","15:38:55",mmHg,"5,0","LX100:36.36.02 S0465",36,36,"64,59","253,48","1738,71","1497,14","33,76","13,52","18,74",""
970,"2020 Nov 12","15:38:55",mmHg,"5,0","LX100:36.36.02 S0465",36,36,"64,64","253,8","1738,71","1498,42","33,77","13,52","18,73",""
971,"2020 Nov 12","15:38:55",mmHg,"5,0","LX100:36.36.02 S0465",36,36,"64,53","253,29","1738,71","1495,83","33,76","13,51","18,73",""
972,"2020 Nov 12","15:38:55",mmHg,"5,0","LX100:36.36.02 S0465",36,36,"64,53","252,95","1738,71","1495,85","33,8","13,50","18,75",""
973,"2020 Nov 12","15:38:55",mmHg,"5,0","LX100:36.36.02 S0465",36,36,"64,51","251,76","1737,1","1494,01","33,71","13,50","18,76",""
974,"2020 Nov 12","15:38:55",mmHg,"5,0","LX100:36.36.02 S0465",36,36,"64,14","251,05","1738,71","1486,85","33,62","13,49","18,75",""
975,"2020 Nov 12","15:38:55",mmHg,"5,0","LX100:36.36.02 S0465",36,36,"64,01","249,74","1737,1","1482,43","33,5","13,48","18,76",""
976,"2020 Nov 12","15:38:55",mmHg,"5,0","LX100:36.36.02 S0465",36,36,"63,96","250,8","1738,71","1482,71","33,57","13,47","18,77",""
977,"2020 Nov 12","15:38:55",mmHg,"5,0","LX100:36.36.02 S0465",36,36,"64,08","250,76","1737,1","1484,01","33,59","13,47","18,77",""
978,"2020 Nov 12","15:38:55",mmHg,"5,0","LX100:36.36.02 S0465",36,36,"64,11","250,45","1737,1","1484,69","33,6","13,47","18,77",""
979,"2020 Nov 12","15:38:55",mmHg,"5,0","LX100:36.36.02 S0465",36,36,"64,12","250,44","1737,1","1484,88","33,62","13,47","18,77",""
980,"2020 Nov 12","15:38:55",mmHg,"5,0","LX100:36.36.02 S0465",36,36,"64,04","250,04","1737,1","1483,07","33,7","13,46","18,76",""
981,"2020 Nov 12","15:38:55",mmHg,"5,0","LX100:36.36.02 S0465",36,36,"63,62","248,01","1738,71","1474,66","33,48","13,44","18,82",""
982,"2020 Nov 12","15:38:55",mmHg,"5,0","LX100:36.36.02 S0465",36,36,"63,54","247,07","1738,71","1472,85","33,44","13,44","18,83",""
983,"2020 Nov 12","15:38:55",mmHg,"5,0","LX100:36.36.02 S0465",36,36,"63,4","246,76","1738,71","1469,68","33,4","13,43","18,83",""
984,"2020 Nov 12","15:38:55",mmHg,"5,0","LX100:36.36.02 S0465",36,36,"63,33","246,87","1737,1","1466,58","33,34","13,42","18,84",""
985,"2020 Nov 12","15:38:55",mmHg,"5,0","LX100:36.36.02 S0465",36,36,"63,2","246,21","1738,71","1465,03","33,36","13,42","18,83",""
986,"2020 Nov 12","15:38:55",mmHg,"5,0","LX100:36.36.02 S0465",36,36,"63,1","246,02","1738,71","1462,76","33,33","13,41","18,84",""
987,"2020 Nov 12","15:38:55",mmHg,"5,0","LX100:36.36.02 S0465",36,36,"63,04","246,02","1738,71","1461,27","33,33","13,41","18,83",""
988,"2020 Nov 12","15:38:55",mmHg,"5,0","LX100:36.36.02 S0465",36,36,"62,9","247,49","1740,32","1459,4","33,4","13,40","18,83",""
989,"2020 Nov 12","15:38:55",mmHg,"5,0","LX100:36.36.02 S0465",36,36,"62,89","247,7","1740,32","1459,28","33,4","13,40","18,83",""
990,"2020 Nov 12","15:38:55",mmHg,"5,0","LX100:36.36.02 S0465",36,36,"62,83","247,51","1740,32","1457,83","33,37","13,40","18,83",""
991,"2020 Nov 12","15:38:55",mmHg,"5,0","LX100:36.36.02 S0465",36,36,"62,75","247,73","1740,32","1455,98","33,33","13,40","18,83",""
992,"2020 Nov 12","15:38:55",mmHg,"5,0","LX100:36.36.02 S0465",36,36,"62,76","247,91","1740,32","1456,13","33,35","13,40","18,83",""
993,"2020 Nov 12","15:38:55",mmHg,"5,0","LX100:36.36.02 S0465",36,36,"62,77","247,91","1740,32","1456,46","33,36","13,40","18,82",""
994,"2020 Nov 12","15:38:55",mmHg,"5,0","LX100:36.36.02 S0465",36,36,"62,85","247,61","1740,32","1458,29","33,4","13,40","18,82",""
995,"2020 Nov 12","15:38:55",mmHg,"5,0","LX100:36.36.02 S0465",36,36,"62,92","249,5","1743,55","1462,63","33,63","13,40","18,81",""
996,"2020 Nov 12","15:38:55",mmHg,"5,0","LX100:36.36.02 S0465",36,36,"62,86","249,43","1740,32","1458,57","33,65","13,37","18,79",""
997,"2020 Nov 12","15:38:56",mmHg,"5,0","LX100:36.36.02 S0465",36,36,"62,65","249,21","1740,32","1453,66","33,54","13,36","18,79",""
998,"2020 Nov 12","15:38:56",mmHg,"5,0","LX100:36.36.02 S0465",36,36,"62,47","248,5","1740,32","1449,44","33,42","13,37","18,80",""
999,"2020 Nov 12","15:38:56",mmHg,"5,0","LX100:36.36.02 S0465",36,36,"62,55","248,48","1740,32","1451,38","33,29","13,39","18,80",""
1000,"2020 Nov 12","15:38:56",mmHg,"5,0","LX100:36.36.02 S0465",36,36,"62,54","249,21","1741,94","1452,4","33,29","13,40","18,80",""
1001,"2020 Nov 12","15:38:56",mmHg,"5,0","LX100:36.36.02 S0465",36,36,"62,5","248,54","1741,94","1451,5","33,27","13,40","18,80",""
1002,"2020 Nov 12","15:38:56",mmHg,"5,0","LX100:36.36.02 S0465",36,36,"62,37","247,79","1740,32","1447,21","33,26","13,37","18,82",""
1003,"2020 Nov 12","15:38:56",mmHg,"5,0","LX100:36.36.02 S0465",36,36,"62,32","247,51","1740,32","1445,91","33,35","13,36","18,84",""
1004,"2020 Nov 12","15:38:56",mmHg,"5,0","LX100:36.36.02 S0465",36,36,"62,33","247,11","1740,32","1446,22","33,35","13,35","18,84",""
1005,"2020 Nov 12","15:38:56",mmHg,"5,0","LX100:36.36.02 S0465",36,36,"62,31","247,09","1740,32","1445,83","33,24","13,37","18,84",""
1006,"2020 Nov 12","15:38:56",mmHg,"5,0","LX100:36.36.02 S0465",36,36,"62,35","247,88","1740,32","1446,69","33,24","13,37","18,85",""
1007,"2020 Nov 12","15:38:56",mmHg,"5,0","LX100:36.36.02 S0465",36,36,"62,37","247,03","1740,32","1447,03","33,24","13,37","18,84",""
1008,"2020 Nov 12","15:38:56",mmHg,"5,0","LX100:36.36.02 S0465",36,36,"62,39","247,5","1740,32","1447,61","33,28","13,37","18,84",""
1009,"2020 Nov 12","15:38:56",mmHg,"5,0","LX100:36.36.02 S0465",36,36,"62,46","247,98","1740,32","1449,18","33,36","13,37","18,84",""
1010,"2020 Nov 12","15:38:56",mmHg,"5,0","LX100:36.36.02 S0465",36,36,"62,47","247,41","1740,32","1449,37","33,37","13,36","18,85",""
1011,"2020 Nov 12","15:38:56",mmHg,"5,0","LX100:36.36.02 S0465",36,36,"62,54","248,55","1740,32","1451,0","33,41","13,36","18,84",""
1012,"2020 Nov 12","15:38:56",mmHg,"5,0","LX100:36.36.02 S0465",36,36,"62,59","247,79","1740,32","1452,2","33,43","13,37","18,85",""
1013,"2020 Nov 12","15:38:56",mmHg,"5,0","LX100:36.36.02 S0465",36,36,"62,67","248,86","1740,32","1454,07","33,48","13,37","18,84",""
1014,"2020 Nov 12","15:38:56",mmHg,"5,0","LX100:36.36.02 S0465",36,36,"62,65","248,97","1740,32","1453,57","33,44","13,37","18,83",""
1015,"2020 Nov 12","15:38:56",mmHg,"5,0","LX100:36.36.02 S0465",36,36,"62,61","247,94","1740,32","1452,68","33,36","13,38","18,83",""
1016,"2020 Nov 12","15:38:56",mmHg,"5,0","LX100:36.36.02 S0465",36,36,"62,68","248,64","1740,32","1454,43","33,44","13,38","18,83",""
1017,"2020 Nov 12","15:38:56",mmHg,"5,0","LX100:36.36.02 S0465",36,36,"62,66","249,21","1740,32","1453,89","33,45","13,37","18,82",""
1018,"2020 Nov 12","15:38:56",mmHg,"5,0","LX100:36.36.02 S0465",36,36,"62,53","248,68","1740,32","1450,79","33,4","13,37","18,82",""
1019,"2020 Nov 12","15:38:56",mmHg,"5,0","LX100:36.36.02 S0465",36,36,"62,43","248,09","1740,32","1448,48","33,37","13,36","18,83",""
1020,"2020 Nov 12","15:38:56",mmHg,"5,0","LX100:36.36.02 S0465",36,36,"62,43","249,08","1740,32","1448,64","33,41","13,36","18,82",""
1021,"2020 Nov 12","15:38:56",mmHg,"5,0","LX100:36.36.02 S0465",36,36,"62,43","248,87","1740,32","1448,5","33,39","13,36","18,82",""
1022,"2020 Nov 12","15:38:56",mmHg,"5,0","LX100:36.36.02 S0465",36,36,"62,45","249,41","1740,32","1449,04","33,39","13,37","18,82",""
1023,"2020 Nov 12","15:38:56",mmHg,"5,0","LX100:36.36.02 S0465",36,36,"62,49","249,42","1740,32","1449,86","33,39","13,37","18,82",""
1024,"2020 Nov 12","15:38:56",mmHg,"5,0","LX100:36.36.02 S0465",36,36,"62,62","248,78","1740,32","1453,03","33,42","13,37","18,82",""
1025,"2020 Nov 12","15:38:56",mmHg,"5,0","LX100:36.36.02 S0465",36,36,"62,62","249,86","1740,32","1452,84","33,47","13,37","18,82",""
1026,"2020 Nov 12","15:38:56",mmHg,"5,0","LX100:36.36.02 S0465",36,36,"62,59","248,78","1741,94","1453,49","33,51","13,37","18,82",""
1027,"2020 Nov 12","15:38:56",mmHg,"5,0","LX100:36.36.02 S0465",36,36,"62,61","249,46","1741,94","1454,1","33,54","13,37","18,82",""
1028,"2020 Nov 12","15:38:56",mmHg,"5,0","LX100:36.36.02 S0465",36,36,"62,63","249,44","1741,94","1454,57","33,48","13,38","18,83",""
1029,"2020 Nov 12","15:38:56",mmHg,"5,0","LX100:36.36.02 S0465",36,36,"62,77","249,79","1741,94","1457,87","33,57","13,38","18,83",""
1030,"2020 Nov 12","15:38:56",mmHg,"5,0","LX100:36.36.02 S0465",36,36,"62,73","250,55","1743,55","1458,29","33,66","13,37","18,83",""
1031,"2020 Nov 12","15:38:56",mmHg,"5,0","LX100:36.36.02 S0465",36,36,"62,71","250,03","1740,32","1454,94","33,56","13,36","18,83",""
1032,"2020 Nov 12","15:38:56",mmHg,"5,0","LX100:36.36.02 S0465",36,36,"62,45","248,32","1740,32","1449,06","33,4","13,36","18,83",""
1033,"2020 Nov 12","15:38:56",mmHg,"5,0","LX100:36.36.02 S0465",36,36,"62,22","248,16","1740,32","1443,76","33,27","13,35","18,84",""
1034,"2020 Nov 12","15:38:56",mmHg,"5,0","LX100:36.36.02 S0465",36,36,"62,07","247,71","1740,32","1440,09","33,18","13,35","18,84",""
1035,"2020 Nov 12","15:38:56",mmHg,"5,0","LX100:36.36.02 S0465",36,36,"62,02","247,12","1740,32","1438,94","33,18","13,35","18,86",""
1036,"2020 Nov 12","15:38:56",mmHg,"5,0","LX100:36.36.02 S0465",36,36,"62,22","248,1","1740,32","1443,61","33,39","13,34","18,85",""
1037,"2020 Nov 12","15:38:56",mmHg,"5,0","LX100:36.36.02 S0465",36,36,"62,32","248,89","1740,32","1445,94","33,52","13,34","18,85",""
1038,"2020 Nov 12","15:38:56",mmHg,"5,0","LX100:36.36.02 S0465",36,36,"62,56","249,26","1740,32","1451,53","33,64","13,34","18,85",""
1039,"2020 Nov 12","15:38:56",mmHg,"5,0","LX100:36.36.02 S0465",36,36,"62,82","249,78","1740,32","1457,57","33,68","13,36","18,84",""
1040,"2020 Nov 12","15:38:56",mmHg,"5,0","LX100:36.36.02 S0465",36,36,"62,83","250,4","1741,94","1459,25","33,68","13,37","18,83",""
1041,"2020 Nov 12","15:38:56",mmHg,"5,0","LX100:36.36.02 S0465",36,36,"62,93","249,82","1741,94","1461,49","33,63","13,39","18,83",""
1042,"2020 Nov 12","15:38:56",mmHg,"5,0","LX100:36.36.02 S0465",36,36,"62,97","250,77","1741,94","1462,45","33,58","13,40","18,82",""
1043,"2020 Nov 12","15:38:56",mmHg,"5,0","LX100:36.36.02 S0465",36,36,"62,91","250,48","1740,32","1459,72","33,57","13,39","18,81",""
1044,"2020 Nov 12","15:38:56",mmHg,"5,0","LX100:36.36.02 S0465",36,36,"62,79","250,04","1740,32","1456,81","33,63","13,36","18,82",""
1045,"2020 Nov 12","15:38:56",mmHg,"5,0","LX100:36.36.02 S0465",36,36,"62,76","250,46","1740,32","1456,29","33,68","13,36","18,82",""
1046,"2020 Nov 12","15:38:56",mmHg,"5,0","LX100:36.36.02 S0465",36,36,"62,73","250,58","1740,32","1455,45","33,69","13,35","18,83",""
1047,"2020 Nov 12","15:38:57",mmHg,"5,0","LX100:36.36.02 S0465",36,36,"62,74","250,11","1740,32","1455,73","33,66","13,35","18,82",""
1048,"2020 Nov 12","15:38:57",mmHg,"5,0","LX100:36.36.02 S0465",36,36,"62,75","250,61","1740,32","1456,04","33,64","13,36","18,83",""
1049,"2020 Nov 12","15:38:57",mmHg,"5,0","LX100:36.36.02 S0465",36,36,"62,71","249,69","1741,94","1456,31","33,6","13,37","18,83",""
1050,"2020 Nov 12","15:38:57",mmHg,"5,0","LX100:36.36.02 S0465",36,36,"62,68","249,51","1741,94","1455,78","33,48","13,38","18,83",""
1051,"2020 Nov 12","15:38:57",mmHg,"5,0","LX100:36.36.02 S0465",36,36,"62,67","249,87","1740,32","1454,01","33,42","13,38","18,82",""
1052,"2020 Nov 12","15:38:57",mmHg,"5,0","LX100:36.36.02 S0465",36,36,"62,47","248,95","1740,32","1449,36","33,37","13,37","18,83",""
1053,"2020 Nov 12","15:38:57",mmHg,"5,0","LX100:36.36.02 S0465",36,36,"62,46","249,4","1740,32","1449,13","33,42","13,36","18,84",""
1054,"2020 Nov 12","15:38:57",mmHg,"5,0","LX100:36.36.02 S0465",36,36,"62,36","249,61","1740,32","1446,96","33,46","13,35","18,84",""
1055,"2020 Nov 12","15:38:57",mmHg,"5,0","LX100:36.36.02 S0465",36,36,"62,34","249,49","1740,32","1446,34","33,46","13,34","18,84",""
1056,"2020 Nov 12","15:38:57",mmHg,"5,0","LX100:36.36.02 S0465",36,36,"62,34","249,43","1740,32","1446,46","33,45","13,35","18,84",""
1057,"2020 Nov 12","15:38:57",mmHg,"5,0","LX100:36.36.02 S0465",36,36,"62,39","249,39","1740,32","1447,53","33,42","13,35","18,84",""
1058,"2020 Nov 12","15:38:57",mmHg,"5,0","LX100:36.36.02 S0465",36,36,"62,4","248,86","1740,32","1447,73","33,38","13,36","18,85",""
1059,"2020 Nov 12","15:38:57",mmHg,"5,0","LX100:36.36.02 S0465",36,36,"62,57","249,21","1740,32","1451,68","33,42","13,37","18,85",""
1060,"2020 Nov 12","15:38:57",mmHg,"5,0","LX100:36.36.02 S0465",36,36,"62,65","249,43","1741,94","1454,98","33,52","13,37","18,83",""
1061,"2020 Nov 12","15:38:57",mmHg,"5,0","LX100:36.36.02 S0465",36,36,"62,79","249,75","1740,32","1456,85","33,57","13,37","18,83",""
1062,"2020 Nov 12","15:38:57",mmHg,"5,0","LX100:36.36.02 S0465",36,36,"62,81","250,73","1740,32","1457,38","33,61","13,37","18,82",""
1063,"2020 Nov 12","15:38:57",mmHg,"5,0","LX100:36.36.02 S0465",36,36,"62,77","250,45","1740,32","1456,43","33,62","13,37","18,82",""
1064,"2020 Nov 12","15:38:57",mmHg,"5,0","LX100:36.36.02 S0465",36,36,"62,72","250,18","1740,32","1455,15","33,61","13,36","18,82",""
1065,"2020 Nov 12","15:38:57",mmHg,"5,0","LX100:36.36.02 S0465",36,36,"62,72","250,4","1740,32","1455,18","33,61","13,36","18,83",""
1066,"2020 Nov 12","15:38:57",mmHg,"5,0","LX100:36.36.02 S0465",36,36,"62,77","250,63","1740,32","1456,43","33,63","13,36","18,83",""
1067,"2020 Nov 12","15:38:57",mmHg,"5,0","LX100:36.36.02 S0465",36,36,"62,77","250,33","1740,32","1456,5","33,6","13,37","18,82",""
1068,"2020 Nov 12","15:38:57",mmHg,"5,0","LX100:36.36.02 S0465",36,36,"62,69","250,49","1740,32","1454,64","33,53","13,37","18,83",""
1069,"2020 Nov 12","15:38:57",mmHg,"5,0","LX100:36.36.02 S0465",36,36,"62,71","250,39","1740,32","1454,99","33,54","13,37","18,83",""
1070,"2020 Nov 12","15:38:57",mmHg,"5,0","LX100:36.36.02 S0465",36,36,"62,69","250,2","1740,32","1454,63","33,54","13,37","18,83",""
1071,"2020 Nov 12","15:38:57",mmHg,"5,0","LX100:36.36.02 S0465",36,36,"62,61","249,79","1740,32","1452,79","33,51","13,36","18,82",""
1072,"2020 Nov 12","15:38:57",mmHg,"5,0","LX100:36.36.02 S0465",36,36,"62,53","249,85","1740,32","1450,82","33,49","13,36","18,83",""
1073,"2020 Nov 12","15:38:57",mmHg,"5,0","LX100:36.36.02 S0465",36,36,"62,53","250,15","1740,32","1450,74","33,49","13,36","18,83",""
1074,"2020 Nov 12","15:38:57",mmHg,"5,0","LX100:36.36.02 S0465",36,36,"62,51","249,76","1740,32","1450,3","33,47","13,36","18,83",""
1075,"2020 Nov 12","15:38:57",mmHg,"5,0","LX100:36.36.02 S0465",36,36,"62,45","249,71","1740,32","1448,94","33,45","13,36","18,83",""
1076,"2020 Nov 12","15:38:57",mmHg,"5,0","LX100:36.36.02 S0465",36,36,"62,46","250,04","1740,32","1449,33","33,44","13,36","18,84",""
1077,"2020 Nov 12","15:38:57",mmHg,"5,0","LX100:36.36.02 S0465",36,36,"62,49","249,96","1740,32","1450,0","33,44","13,36","18,84",""
1078,"2020 Nov 12","15:38:57",mmHg,"5,0","LX100:36.36.02 S0465",36,36,"62,55","249,87","1740,32","1451,24","33,48","13,36","18,84",""
1079,"2020 Nov 12","15:38:57",mmHg,"5,0","LX100:36.36.02 S0465",36,36,"62,62","250,16","1740,32","1453,02","33,52","13,36","18,84",""
1080,"2020 Nov 12","15:38:57",mmHg,"5,0","LX100:36.36.02 S0465",36,36,"62,57","250,38","1740,32","1451,85","33,51","13,36","18,83",""
1081,"2020 Nov 12","15:38:57",mmHg,"5,0","LX100:36.36.02 S0465",36,36,"62,58","250,16","1740,32","1451,96","33,51","13,36","18,84",""
1082,"2020 Nov 12","15:38:57",mmHg,"5,0","LX100:36.36.02 S0465",36,36,"62,69","250,01","1740,32","1454,49","33,55","13,36","18,84",""
1083,"2020 Nov 12","15:38:57",mmHg,"5,0","LX100:36.36.02 S0465",36,36,"62,71","249,94","1740,32","1455,01","33,57","13,37","18,83",""
1084,"2020 Nov 12","15:38:57",mmHg,"5,0","LX100:36.36.02 S0465",36,36,"62,74","250,23","1740,32","1455,6","33,61","13,36","18,83",""
1085,"2020 Nov 12","15:38:57",mmHg,"5,0","LX100:36.36.02 S0465",36,36,"62,75","250,85","1740,32","1455,83","33,61","13,36","18,83",""
1086,"2020 Nov 12","15:38:57",mmHg,"5,0","LX100:36.36.02 S0465",36,36,"62,78","250,82","1740,32","1456,59","33,62","13,37","18,83",""
1087,"2020 Nov 12","15:38:57",mmHg,"5,0","LX100:36.36.02 S0465",36,36,"62,76","250,92","1740,32","1456,19","33,61","13,37","18,83",""
1088,"2020 Nov 12","15:38:57",mmHg,"5,0","LX100:36.36.02 S0465",36,36,"62,71","250,29","1741,94","1456,31","33,62","13,37","18,82",""
1089,"2020 Nov 12","15:38:57",mmHg,"5,0","LX100:36.36.02 S0465",36,36,"62,72","250,05","1740,32","1455,23","33,58","13,36","18,83",""
1090,"2020 Nov 12","15:38:57",mmHg,"5,0","LX100:36.36.02 S0465",36,36,"62,71","250,37","1740,32","1455,09","33,57","13,37","18,82",""
1091,"2020 Nov 12","15:38:57",mmHg,"5,0","LX100:36.36.02 S0465",36,36,"62,69","250,7","1740,32","1454,56","33,52","13,37","18,82",""
1092,"2020 Nov 12","15:38:57",mmHg,"5,0","LX100:36.36.02 S0465",36,36,"62,68","250,4","1740,32","1454,22","33,5","13,37","18,83",""
1093,"2020 Nov 12","15:38:57",mmHg,"5,0","LX100:36.36.02 S0465",36,36,"62,65","250,13","1741,94","1454,86","33,53","13,37","18,83",""
1094,"2020 Nov 12","15:38:57",mmHg,"5,0","LX100:36.36.02 S0465",36,36,"62,74","250,86","1740,32","1455,77","33,53","13,37","18,83",""
1095,"2020 Nov 12","15:38:57",mmHg,"5,0","LX100:36.36.02 S0465",36,36,"62,72","250,75","1740,32","1455,29","33,54","13,37","18,82",""
1096,"2020 Nov 12","15:38:57",mmHg,"5,0","LX100:36.36.02 S0465",36,36,"62,61","250,33","1741,94","1454,06","33,52","13,37","18,83",""
1097,"2020 Nov 12","15:38:58",mmHg,"5,0","LX100:36.36.02 S0465",36,36,"62,69","250,25","1741,94","1455,86","33,5","13,38","18,83",""
1098,"2020 Nov 12","15:38:58",mmHg,"5,0","LX100:36.36.02 S0465",36,36,"62,71","250,94","1741,94","1456,25","33,49","13,39","18,83",""
1099,"2020 Nov 12","15:38:58",mmHg,"5,0","LX100:36.36.02 S0465",36,36,"62,83","250,53","1740,32","1457,81","33,5","13,39","18,83",""
1100,"2020 Nov 12","15:38:58",mmHg,"5,0","LX100:36.36.02 S0465",36,36,"62,9","250,58","1741,94","1460,89","33,57","13,39","18,83",""
1101,"2020 Nov 12","15:38:58",mmHg,"5,0","LX100:36.36.02 S0465",36,36,"63,0","251,42","1741,94","1463,1","33,63","13,39","18,83",""
1102,"2020 Nov 12","15:38:58",mmHg,"5,0","LX100:36.36.02 S0465",36,36,"62,97","250,93","1741,94","1462,37","33,59","13,40","18,82",""
1103,"2020 Nov 12","15:38:58",mmHg,"5,0","LX100:36.36.02 S0465",36,36,"62,96","251,39","1743,55","1463,57","33,62","13,40","18,82",""
1104,"2020 Nov 12","15:38:58",mmHg,"5,0","LX100:36.36.02 S0465",36,36,"63,0","250,98","1741,94","1463,08","33,56","13,40","18,82",""
1105,"2020 Nov 12","15:38:58",mmHg,"5,0","LX100:36.36.02 S0465",36,36,"62,97","251,64","1743,55","1463,82","33,61","13,40","18,83",""
1106,"2020 Nov 12","15:38:58",mmHg,"5,0","LX100:36.36.02 S0465",36,36,"63,0","251,13","1743,55","1464,53","33,61","13,41","18,81",""
1107,"2020 Nov 12","15:38:58",mmHg,"5,0","LX100:36.36.02 S0465",36,36,"62,95","251,51","1743,55","1463,3","33,58","13,41","18,82",""
1108,"2020 Nov 12","15:38:58",mmHg,"5,0","LX100:36.36.02 S0465",36,36,"63,04","251,13","1741,94","1464,13","33,56","13,41","18,82",""
1109,"2020 Nov 12","15:38:58",mmHg,"5,0","LX100:36.36.02 S0465",36,36,"62,94","251,53","1743,55","1463,05","33,57","13,41","18,81",""
1110,"2020 Nov 12","15:38:58",mmHg,"5,0","LX100:36.36.02 S0465",36,36,"62,88","251,65","1743,55","1461,61","33,54","13,41","18,81",""
1111,"2020 Nov 12","15:38:58",mmHg,"5,0","LX100:36.36.02 S0465",36,36,"62,87","251,63","1743,55","1461,46","33,53","13,41","18,82",""
1112,"2020 Nov 12","15:38:58",mmHg,"5,0","LX100:36.36.02 S0465",36,36,"62,89","251,69","1743,55","1462,0","33,54","13,41","18,82",""
1113,"2020 Nov 12","15:38:58",mmHg,"5,0","LX100:36.36.02 S0465",36,36,"62,88","251,64","1743,55","1461,61","33,52","13,41","18,82",""
1114,"2020 Nov 12","15:38:58",mmHg,"5,0","LX100:36.36.02 S0465",36,36,"62,9","251,61","1743,55","1462,22","33,5","13,41","18,82",""
1115,"2020 Nov 12","15:38:58",mmHg,"5,0","LX100:36.36.02 S0465",36,36,"62,96","251,37","1743,55","1463,51","33,52","13,42","18,82",""
1116,"2020 Nov 12","15:38:58",mmHg,"5,0","LX100:36.36.02 S0465",36,36,"62,94","251,32","1743,55","1463,07","33,51","13,42","18,82",""
1117,"2020 Nov 12","15:38:58",mmHg,"5,0","LX100:36.36.02 S0465",36,36,"62,95","251,86","1743,55","1463,18","33,51","13,42","18,82",""
1118,"2020 Nov 12","15:38:58",mmHg,"5,0","LX100:36.36.02 S0465",36,36,"62,99","251,17","1743,55","1464,13","33,52","13,42","18,82",""
1119,"2020 Nov 12","15:38:58",mmHg,"5,0","LX100:36.36.02 S0465",36,36,"63,01","251,75","1743,55","1464,77","33,55","13,42","18,82",""
1120,"2020 Nov 12","15:38:58",mmHg,"5,0","LX100:36.36.02 S0465",36,36,"63,03","251,9","1743,55","1465,17","33,56","13,42","18,82",""
1121,"2020 Nov 12","15:38:58",mmHg,"5,0","LX100:36.36.02 S0465",36,36,"63,08","252,03","1743,55","1466,27","33,58","13,42","18,82",""
1122,"2020 Nov 12","15:38:58",mmHg,"5,0","LX100:36.36.02 S0465",36,36,"63,07","251,99","1743,55","1466,06","33,56","13,42","18,82",""
1123,"2020 Nov 12","15:38:58",mmHg,"5,0","LX100:36.36.02 S0465",36,36,"63,11","251,52","1743,55","1467,07","33,56","13,42","18,82",""
1124,"2020 Nov 12","15:38:58",mmHg,"5,0","LX100:36.36.02 S0465",36,36,"63,1","252,24","1743,55","1466,84","33,58","13,42","18,82",""
1125,"2020 Nov 12","15:38:58",mmHg,"5,0","LX100:36.36.02 S0465",36,36,"63,08","251,79","1743,55","1466,27","33,56","13,42","18,82",""
1126,"2020 Nov 12","15:38:58",mmHg,"5,0","LX100:36.36.02 S0465",36,36,"63,06","252,25","1743,55","1465,88","33,58","13,42","18,81",""
1127,"2020 Nov 12","15:38:58",mmHg,"5,0","LX100:36.36.02 S0465",36,36,"63,04","252,21","1743,55","1465,48","33,56","13,42","18,82",""
1128,"2020 Nov 12","15:38:58",mmHg,"5,0","LX100:36.36.02 S0465",36,36,"63,03","251,95","1743,55","1465,13","33,56","13,42","18,82",""
1129,"2020 Nov 12","15:38:58",mmHg,"5,0","LX100:36.36.02 S0465",36,36,"63,06","252,36","1743,55","1465,87","33,56","13,42","18,81",""
1130,"2020 Nov 12","15:38:58",mmHg,"5,0","LX100:36.36.02 S0465",36,36,"63,0","251,72","1743,55","1464,4","33,53","13,42","18,81",""
1131,"2020 Nov 12","15:38:58",mmHg,"5,0","LX100:36.36.02 S0465",36,36,"62,97","251,77","1743,55","1463,69","33,51","13,42","18,81",""
1132,"2020 Nov 12","15:38:58",mmHg,"5,0","LX100:36.36.02 S0465",36,36,"62,96","252,22","1743,55","1463,47","33,51","13,42","18,81",""
1133,"2020 Nov 12","15:38:58",mmHg,"5,0","LX100:36.36.02 S0465",36,36,"62,95","251,48","1743,55","1463,4","33,5","13,42","18,82",""
1134,"2020 Nov 12","15:38:58",mmHg,"5,0","LX100:36.36.02 S0465",36,36,"62,98","252,27","1743,55","1464,01","33,53","13,42","18,81",""
1135,"2020 Nov 12","15:38:58",mmHg,"5,0","LX100:36.36.02 S0465",36,36,"63,01","251,52","1743,55","1464,77","33,52","13,42","18,82",""
1136,"2020 Nov 12","15:38:58",mmHg,"5,0","LX100:36.36.02 S0465",36,36,"62,98","252,36","1743,55","1464,09","33,53","13,42","18,81",""
1137,"2020 Nov 12","15:38:58",mmHg,"5,0","LX100:36.36.02 S0465",36,36,"63,01","251,8","1743,55","1464,62","33,52","13,42","18,82",""
1138,"2020 Nov 12","15:38:58",mmHg,"5,0","LX100:36.36.02 S0465",36,36,"63,1","252,02","1743,55","1466,76","33,55","13,42","18,82",""
1139,"2020 Nov 12","15:38:58",mmHg,"5,0","LX100:36.36.02 S0465",36,36,"63,07","252,75","1743,55","1466,12","33,56","13,42","18,82",""
1140,"2020 Nov 12","15:38:58",mmHg,"5,0","LX100:36.36.02 S0465",36,36,"63,07","252,21","1743,55","1466,06","33,55","13,42","18,82",""
1141,"2020 Nov 12","15:38:58",mmHg,"5,0","LX100:36.36.02 S0465",36,36,"63,05","252,05","1743,55","1465,6","33,54","13,42","18,82",""
1142,"2020 Nov 12","15:38:58",mmHg,"5,0","LX100:36.36.02 S0465",36,36,"63,07","251,91","1743,55","1466,1","33,55","13,42","18,82",""
1143,"2020 Nov 12","15:38:58",mmHg,"5,0","LX100:36.36.02 S0465",36,36,"63,13","252,87","1743,55","1467,42","33,58","13,42","18,82",""
1144,"2020 Nov 12","15:38:58",mmHg,"5,0","LX100:36.36.02 S0465",36,36,"63,13","252,43","1743,55","1467,41","33,58","13,42","18,81",""
1145,"2020 Nov 12","15:38:58",mmHg,"5,0","LX100:36.36.02 S0465",36,36,"63,07","252,86","1743,55","1466,16","33,57","13,42","18,81",""
1146,"2020 Nov 12","15:38:58",mmHg,"5,0","LX100:36.36.02 S0465",36,36,"63,04","251,97","1743,55","1465,28","33,54","13,42","18,81",""
1147,"2020 Nov 12","15:38:59",mmHg,"5,0","LX100:36.36.02 S0465",36,36,"63,05","252,69","1743,55","1465,72","33,56","13,42","18,82",""
1148,"2020 Nov 12","15:38:59",mmHg,"5,0","LX100:36.36.02 S0465",36,36,"63,05","252,27","1743,55","1465,51","33,55","13,42","18,81",""
1149,"2020 Nov 12","15:38:59",mmHg,"5,0","LX100:36.36.02 S0465",36,36,"63,01","251,92","1743,55","1464,59","33,53","13,42","18,82",""
1150,"2020 Nov 12","15:38:59",mmHg,"5,0","LX100:36.36.02 S0465",36,36,"63,02","252,77","1743,55","1464,93","33,55","13,42","18,82",""
1151,"2020 Nov 12","15:38:59",mmHg,"5,0","LX100:36.36.02 S0465",36,36,"63,0","252,06","1743,55","1464,43","33,53","13,42","18,81",""
1152,"2020 Nov 12","15:38:59",mmHg,"5,0","LX100:36.36.02 S0465",36,36,"62,98","252,22","1743,55","1463,94","33,53","13,42","18,81",""
1153,"2020 Nov 12","15:38:59",mmHg,"5,0","LX100:36.36.02 S0465",36,36,"62,99","252,68","1743,55","1464,24","33,53","13,42","18,82",""
1154,"2020 Nov 12","15:38:59",mmHg,"5,0","LX100:36.36.02 S0465",36,36,"63,0","252,78","1743,55","1464,54","33,53","13,42","18,82",""
1155,"2020 Nov 12","15:38:59",mmHg,"5,0","LX100:36.36.02 S0465",36,36,"63,01","252,14","1743,55","1464,73","33,54","13,42","18,81",""
1156,"2020 Nov 12","15:38:59",mmHg,"5,0","LX100:36.36.02 S0465",36,36,"63,04","252,69","1743,55","1465,43","33,56","13,42","18,82",""
1157,"2020 Nov 12","15:38:59",mmHg,"5,0","LX100:36.36.02 S0465",36,36,"62,96","252,04","1743,55","1463,42","33,51","13,42","18,81",""
1158,"2020 Nov 12","15:38:59",mmHg,"5,0","LX100:36.36.02 S0465",36,36,"63,05","252,95","1743,55","1465,5","33,56","13,42","18,82",""
1159,"2020 Nov 12","15:38:59",mmHg,"5,0","LX100:36.36.02 S0465",36,36,"63,11","252,41","1743,55","1466,94","33,57","13,42","18,81",""
1160,"2020 Nov 12","15:38:59",mmHg,"5,0","LX100:36.36.02 S0465",36,36,"63,11","252,52","1743,55","1466,93","33,59","13,42","18,82",""
1161,"2020 Nov 12","15:38:59",mmHg,"5,0","LX100:36.36.02 S0465",36,36,"63,11","252,66","1743,55","1467,06","33,58","13,42","18,81",""
1162,"2020 Nov 12","15:38:59",mmHg,"5,0","LX100:36.36.02 S0465",36,36,"63,12","252,45","1743,55","1467,3","33,59","13,42","18,82",""
1163,"2020 Nov 12","15:38:59",mmHg,"5,0","LX100:36.36.02 S0465",36,36,"63,1","252,94","1743,55","1466,75","33,59","13,42","18,82",""
1164,"2020 Nov 12","15:38:59",mmHg,"5,0","LX100:36.36.02 S0465",36,36,"63,12","252,39","1743,55","1467,27","33,59","13,42","18,82",""
1165,"2020 Nov 12","15:38:59",mmHg,"5,0","LX100:36.36.02 S0465",36,36,"63,08","252,95","1743,55","1466,39","33,58","13,42","18,82",""
1166,"2020 Nov 12","15:38:59",mmHg,"5,0","LX100:36.36.02 S0465",36,36,"63,07","252,79","1743,55","1466,01","33,57","13,42","18,82",""
1167,"2020 Nov 12","15:38:59",mmHg,"5,0","LX100:36.36.02 S0465",36,36,"63,06","252,65","1743,55","1465,85","33,57","13,42","18,81",""
1168,"2020 Nov 12","15:38:59",mmHg,"5,0","LX100:36.36.02 S0465",36,36,"63,01","252,71","1743,55","1464,7","33,54","13,42","18,81",""
1169,"2020 Nov 12","15:38:59",mmHg,"5,0","LX100:36.36.02 S0465",36,36,"62,98","252,08","1743,55","1463,98","33,55","13,42","18,81",""
1170,"2020 Nov 12","15:38:59",mmHg,"5,0","LX100:36.36.02 S0465",36,36,"62,99","252,12","1743,55","1464,23","33,54","13,42","18,82",""
1171,"2020 Nov 12","15:38:59",mmHg,"5,0","LX100:36.36.02 S0465",36,36,"63,06","252,76","1743,55","1465,94","33,57","13,42","18,81",""
1172,"2020 Nov 12","15:38:59",mmHg,"5,0","LX100:36.36.02 S0465",36,36,"62,98","252,69","1743,55","1464,1","33,54","13,42","18,81",""
1173,"2020 Nov 12","15:38:59",mmHg,"5,0","LX100:36.36.02 S0465",36,36,"63,02","252,73","1743,55","1464,9","33,54","13,42","18,82",""
1174,"2020 Nov 12","15:38:59",mmHg,"5,0","LX100:36.36.02 S0465",36,36,"63,0","252,76","1743,55","1464,55","33,53","13,42","18,81",""
1175,"2020 Nov 12","15:38:59",mmHg,"5,0","LX100:36.36.02 S0465",36,36,"63,03","252,62","1743,55","1465,04","33,55","13,42","18,81",""
